1.455578, 1.570492, 8.924992, 27.329957, 21.000001
1.149140, -6.818233, 5.324350, 27.285156, 30.000000
1.417273, -3.868773, 9.346344, 27.307496, 30.000000
-2.106757, -1.800320, 8.695164, 27.329957, 29.000001
-2.451500, -2.413195, 8.771770, 27.352295, 27.000000
-4.826389, 0.229828, 6.243664, 27.329957, 17.000000
-4.864695, -3.945382, 8.963295, 27.285156, 29.000001
0.191523, -0.153219, 9.576172, 27.352295, 29.000001
0.191523, -0.229828, 9.614475, 27.329957, 47.000003
0.268133, -0.268133, 9.614475, 27.307496, 29.000001
0.153219, -0.268133, 9.537865, 27.307496, 27.000000
0.153219, -0.153219, 9.422951, 27.285156, 28.000000
0.268133, -0.229828, 9.576172, 27.285156, 29.000001
0.268133, -0.268133, 9.576172, 27.240357, 29.000001
0.191523, -0.229828, 9.691086, 27.240357, 27.000000
0.153219, -0.268133, 9.576172, 27.240357, 29.000001
0.191523, -0.191523, 9.499561, 27.173219, 30.000000
0.229828, -0.229828, 9.576172, 27.195556, 28.000000
0.114914, -0.229828, 9.461258, 27.218018, 30.000000
0.229828, -0.191523, 9.614475, 27.173219, 29.000001
0.306437, -0.191523, 9.576172, 27.150879, 28.000000
0.229828, -0.114914, 9.614475, 27.173219, 30.000000
0.229828, -0.153219, 9.346344, 27.128417, 29.000001
0.229828, -0.076609, 9.576172, 27.173219, 28.000000
0.229828, -0.191523, 9.576172, 27.106080, 27.000000
0.191523, -0.191523, 9.614475, 27.150879, 28.000000
0.191523, -0.191523, 9.576172, 27.106080, 27.000000
0.229828, -0.153219, 9.499561, 27.106080, 32.000000
0.268133, -0.306437, 9.614475, 27.106080, 29.000001
0.268133, -0.191523, 9.576172, 27.083740, 28.000000
0.306437, -0.229828, 9.499561, 27.128417, 27.000000
0.114914, -0.268133, 9.537865, 27.083740, 30.000000
0.229828, -0.191523, 9.499561, 27.106080, 29.000001
0.153219, -0.153219, 9.614475, 27.083740, 27.000000
0.153219, -0.191523, 9.614475, 27.061403, 29.000001
0.268133, -0.229828, 9.537865, 27.039063, 29.000001
0.268133, -0.038305, 9.461258, 27.016723, 27.000000
0.229828, -0.191523, 9.537865, 27.061403, 28.000000
0.191523, -0.306437, 9.499561, 26.949708, 29.000001
0.268133, -0.268133, 9.576172, 27.039063, 30.000000
0.229828, -0.114914, 9.384647, 27.039063, 27.000000
0.229828, -0.191523, 9.576172, 27.016723, 27.000000
0.268133, -0.229828, 9.576172, 26.994386, 29.000001
0.229828, -0.268133, 9.576172, 26.994386, 29.000001
0.268133, -0.076609, 9.576172, 26.949708, 38.000000
0.191523, -0.153219, 9.537865, 27.039063, 29.000001
0.268133, -0.153219, 9.308037, 26.972046, 37.000000
0.191523, -0.114914, 9.614475, 26.949708, 29.000001
0.191523, -0.114914, 9.576172, 26.972046, 29.000001
0.268133, -0.191523, 9.499561, 26.994386, 28.000000
0.268133, -0.268133, 9.576172, 26.994386, 28.000000
0.268133, -0.153219, 9.729389, 26.882813, 29.000001
0.306437, -0.229828, 9.461258, 26.949708, 29.000001
0.306437, -0.153219, 9.461258, 26.972046, 27.000000
0.268133, -0.114914, 9.499561, 26.905029, 28.000000
0.229828, -0.114914, 9.614475, 26.905029, 27.000000
0.306437, -0.344742, 9.537865, 26.905029, 27.000000
0.191523, -0.114914, 9.576172, 26.882813, 27.000000
0.229828, -0.268133, 9.537865, 26.860473, 26.000001
0.268133, -0.191523, 9.499561, 26.882813, 30.000000
0.306437, -0.153219, 9.576172, 26.860473, 28.000000
0.114914, -0.153219, 9.499561, 26.838136, 27.000000
7.814156, 0.689484, 4.213514, 26.905029, 26.000001
0.804398, 4.596561, 8.695164, 26.905029, 10.000000
0.344742, -1.034226, 9.691086, 26.905029, 29.000001
0.306437, -1.072531, 9.461258, 26.860473, 45.000000
0.191523, -1.034226, 9.576172, 26.838136, 28.000000
0.344742, -1.072531, 9.499561, 26.882813, 30.000000
0.383047, -1.072531, 9.537865, 26.838136, 27.000000
0.268133, -1.072531, 9.537865, 26.793580, 29.000001
0.268133, -0.995922, 9.576172, 26.815796, 28.000000
0.344742, -0.995922, 9.461258, 26.815796, 27.000000
0.421352, -0.957617, 9.461258, 26.793580, 30.000000
0.229828, -0.995922, 9.576172, 26.793580, 28.000000
0.268133, -1.149140, 9.576172, 26.815796, 27.000000
0.344742, -1.072531, 9.422951, 26.815796, 28.000000
0.229828, -1.149140, 9.576172, 26.771240, 27.000000
0.191523, -1.072531, 9.384647, 26.771240, 30.000000
0.229828, -1.034226, 9.461258, 26.793580, 27.000000
0.344742, -0.957617, 9.576172, 26.793580, 27.000000
0.344742, -1.072531, 9.576172, 26.815796, 29.000001
0.191523, -0.995922, 9.576172, 26.793580, 27.000000
0.344742, -0.995922, 9.499561, 26.748903, 26.000001
0.229828, -1.034226, 9.537865, 26.793580, 29.000001
0.268133, -1.110836, 9.537865, 26.771240, 29.000001
0.191523, -1.110836, 9.652779, 26.793580, 29.000001
0.191523, -1.034226, 9.614475, 26.793580, 29.000001
0.229828, -0.995922, 9.576172, 26.748903, 29.000001
0.268133, -1.072531, 9.652779, 26.793580, 29.000001
0.306437, -1.110836, 9.576172, 26.793580, 27.000000
0.268133, -1.034226, 9.652779, 26.748903, 38.000000
0.421352, -1.034226, 9.461258, 26.771240, 27.000000
0.229828, -0.995922, 9.614475, 26.748903, 27.000000
0.268133, -1.110836, 9.537865, 26.748903, 27.000000
0.306437, -1.149140, 9.614475, 26.771240, 27.000000
0.229828, -1.072531, 9.422951, 26.726685, 35.000000
0.229828, -1.034226, 9.614475, 26.793580, 27.000000
0.268133, -1.034226, 9.537865, 26.793580, 26.000001
0.268133, -1.034226, 9.346344, 26.771240, 27.000000
0.191523, -0.957617, 9.614475, 26.748903, 28.000000
0.268133, -1.072531, 9.499561, 26.748903, 29.000001
0.268133, -1.149140, 9.461258, 26.726685, 27.000000
0.114914, -1.149140, 9.537865, 26.793580, 29.000001
0.268133, -1.072531, 9.499561, 26.659913, 28.000000
0.229828, -1.072531, 9.499561, 26.748903, 27.000000
0.344742, -1.149140, 9.461258, 26.771240, 28.000000
0.191523, -1.149140, 9.499561, 26.748903, 27.000000
0.383047, -1.072531, 9.537865, 26.726685, 27.000000
0.229828, -1.034226, 9.537865, 26.748903, 27.000000
0.306437, -1.110836, 9.537865, 26.748903, 27.000000
0.229828, -1.034226, 9.576172, 26.748903, 27.000000
0.306437, -1.110836, 9.614475, 26.704347, 26.000001
0.344742, -0.995922, 9.537865, 26.748903, 28.000000
0.153219, -0.995922, 9.308037, 26.748903, 26.000001
0.229828, -1.110836, 9.499561, 26.748903, 26.000001
0.191523, -1.072531, 9.461258, 26.682007, 27.000000
0.383047, -1.110836, 9.384647, 26.704347, 26.000001
0.306437, -1.034226, 9.499561, 26.726685, 27.000000
0.191523, -1.072531, 9.537865, 26.748903, 28.000000
0.306437, -1.072531, 9.461258, 26.726685, 27.000000
0.229828, -1.110836, 9.614475, 26.726685, 27.000000
0.268133, -1.072531, 9.537865, 26.659913, 29.000001
0.268133, -1.072531, 9.614475, 26.771240, 27.000000
0.153219, -1.072531, 9.576172, 26.771240, 26.000001
0.306437, -1.072531, 9.537865, 26.682007, 29.000001
0.383047, -1.072531, 9.537865, 26.682007, 29.000001
0.268133, -0.995922, 9.576172, 26.637573, 29.000001
0.344742, -1.072531, 9.576172, 26.726685, 26.000001
0.153219, -0.957617, 9.346344, 26.748903, 26.000001
0.306437, -1.072531, 9.614475, 26.682007, 28.000000
0.306437, -0.957617, 9.499561, 26.748903, 39.000001
0.191523, -1.034226, 9.652779, 26.659913, 29.000001
0.229828, -0.995922, 9.576172, 26.704347, 31.000001
0.191523, -1.072531, 9.576172, 26.704347, 28.000000
0.268133, -0.919312, 9.499561, 26.659913, 29.000001
0.306437, -1.072531, 9.576172, 26.704347, 28.000000
0.383047, -1.149140, 9.499561, 26.748903, 29.000001
0.229828, -1.072531, 9.499561, 26.682007, 29.000001
0.268133, -1.072531, 9.537865, 26.704347, 27.000000
0.306437, -1.110836, 9.576172, 26.726685, 27.000000
0.191523, -1.110836, 9.767693, 26.704347, 27.000000
0.229828, -1.072531, 9.461258, 26.748903, 27.000000
0.229828, -1.034226, 9.422951, 26.726685, 26.000001
0.114914, -1.034226, 9.652779, 26.682007, 28.000000
0.306437, -1.034226, 9.499561, 26.704347, 29.000001
0.344742, -1.072531, 9.461258, 26.726685, 27.000000
0.268133, -1.072531, 9.614475, 26.682007, 27.000000
0.268133, -0.957617, 9.499561, 26.682007, 27.000000
0.268133, -0.995922, 9.537865, 26.659913, 29.000001
0.383047, -0.957617, 9.576172, 26.704347, 28.000000
0.268133, -1.034226, 9.499561, 26.637573, 27.000000
0.191523, -1.034226, 9.499561, 26.704347, 26.000001
0.268133, -1.110836, 9.499561, 26.704347, 29.000001
0.191523, -1.110836, 9.422951, 26.659913, 27.000000
0.268133, -1.034226, 9.537865, 26.637573, 28.000000
0.191523, -1.034226, 9.691086, 26.726685, 29.000001
0.191523, -1.034226, 9.614475, 26.659913, 30.000000
0.191523, -0.919312, 9.652779, 26.682007, 29.000001
0.306437, -0.995922, 9.346344, 26.682007, 27.000000
0.229828, -1.110836, 9.499561, 26.726685, 29.000001
0.344742, -1.187445, 9.461258, 26.682007, 27.000000
0.268133, -1.034226, 9.461258, 26.659913, 31.000001
0.344742, -1.149140, 9.537865, 26.659913, 27.000000
0.191523, -0.995922, 9.499561, 26.659913, 27.000000
0.306437, -1.072531, 9.576172, 26.659913, 27.000000
0.268133, -1.072531, 9.499561, 26.704347, 29.000001
0.191523, -1.072531, 9.499561, 26.593018, 30.000000
0.191523, -1.110836, 9.499561, 26.637573, 28.000000
0.229828, -1.034226, 9.576172, 26.659913, 29.000001
0.191523, -1.034226, 9.461258, 26.659913, 28.000000
0.268133, -1.034226, 9.346344, 26.659913, 28.000000
0.229828, -1.187445, 9.537865, 26.682007, 29.000001
0.153219, -1.034226, 9.499561, 26.593018, 28.000000
0.191523, -1.149140, 9.537865, 26.659913, 27.000000
0.153219, -1.072531, 9.461258, 26.593018, 27.000000
0.689484, -1.417273, 9.882607, 26.659913, 26.000001
4.251820, -4.941303, 1.685406, 26.548462, 27.000000
1.149140, 0.766094, 8.733467, 26.637573, 16.000000
0.191523, 0.153219, 10.189046, 26.615236, 13.000001
-5.707397, -4.136906, 9.269733, 26.615236, 8.000000
3.524031, 8.082287, -1.876929, 26.659913, 6.000000
-4.558256, -2.106757, 0.842703, 26.659913, 7.000000
-16.279488, -6.435186, -2.719632, 26.615236, 14.000000
-11.070054, -6.396881, 4.903000, 26.682007, 12.000000
-8.924992, -4.405039, 0.153219, 26.615236, 7.000000
-10.074131, -7.814156, 0.651180, 26.637573, 3.000000
-7.009756, -1.876929, -20.339782, 26.637573, 4.000000
1.225750, -15.973053, 4.060297, 26.704347, 5.000000
-2.451500, -7.584328, -3.753859, 26.637573, 3.000000
0.766094, -10.801922, 0.191523, 26.615236, 3.000000
1.455578, -4.673172, 4.519953, 26.615236, 7.000000
4.060297, -5.822311, 6.205359, 26.615236, 8.000000
4.136906, -5.132828, 6.281967, 26.548462, 3.000000
4.175211, -5.554178, 6.741625, 26.481690, 2.000000
4.021992, -5.592484, 6.665014, 26.526246, 2.000000
4.136906, -5.515875, 6.779928, 26.415040, 3.000000
3.983687, -5.439264, 6.703320, 26.370606, 3.000000
3.983687, -5.477570, 6.818233, 26.326172, 3.000000
3.983687, -5.477570, 6.779928, 26.259522, 3.000000
4.136906, -5.477570, 6.665014, 26.215210, 2.000000
4.060297, -5.400961, 6.665014, 26.215210, 3.000000
4.021992, -5.400961, 6.856539, 26.059816, 1.000000
4.021992, -5.477570, 6.741625, 25.971191, 2.000000
4.060297, -5.400961, 6.818233, 25.926881, 3.000000
4.098600, -5.400961, 6.588406, 25.882690, 3.000000
4.060297, -5.362656, 6.741625, 25.772095, 2.000000
3.983687, -5.400961, 6.856539, 25.639405, 3.000000
3.945382, -5.362656, 6.779928, 25.639405, 2.000000
4.060297, -5.247742, 6.894842, 25.528932, 3.000000
4.136906, -5.324350, 6.856539, 25.506837, 2.000000
3.907078, -5.247742, 6.741625, 25.418580, 3.000000
3.945382, -5.362656, 6.856539, 25.352418, 2.000000
3.945382, -5.324350, 6.779928, 25.220215, 2.000000
4.060297, -5.324350, 6.856539, 25.154054, 3.000000
3.983687, -5.286047, 6.818233, 25.109985, 3.000000
4.098600, -5.286047, 6.933147, 25.043945, 2.000000
3.945382, -5.209436, 6.818233, 24.978027, 2.000000
4.060297, -5.362656, 6.779928, 24.890015, 3.000000
4.098600, -5.400961, 6.703320, 24.824097, 3.000000
4.021992, -5.362656, 6.894842, 24.692261, 3.000000
3.983687, -5.171131, 6.894842, 24.670289, 3.000000
3.945382, -5.400961, 6.894842, 24.516723, 2.000000
3.945382, -5.286047, 7.009756, 24.472902, 3.000000
4.060297, -5.247742, 6.703320, 24.385254, 2.000000
3.983687, -5.324350, 6.856539, 24.363282, 3.000000
4.021992, -5.209436, 6.818233, 24.253786, 3.000000
3.907078, -5.400961, 6.665014, 24.166260, 2.000000
4.021992, -5.324350, 6.741625, 24.100587, 2.000000
4.136906, -5.324350, 6.856539, 24.013183, 3.000000
4.021992, -5.286047, 6.818233, 23.991334, 3.000000
4.060297, -5.247742, 6.818233, 23.838379, 3.000000
4.098600, -5.400961, 6.971453, 23.772829, 2.000000
3.868773, -5.286047, 6.511797, 23.729248, 3.000000
4.098600, -5.171131, 6.933147, 23.641846, 2.000000
4.060297, -5.400961, 6.818233, 23.554688, 3.000000
3.983687, -5.247742, 6.856539, 23.510988, 3.000000
4.060297, -5.247742, 7.009756, 23.402100, 2.000000
3.983687, -5.362656, 6.933147, 23.336670, 2.000000
3.945382, -5.247742, 6.665014, 23.293092, 3.000000
3.983687, -5.400961, 6.933147, 23.184204, 3.000000
4.021992, -5.247742, 6.971453, 23.118896, 1.000000
3.983687, -5.324350, 6.933147, 23.053589, 3.000000
3.907078, -5.324350, 6.818233, 23.010132, 3.000000
4.021992, -5.400961, 6.894842, 22.901490, 2.000000
4.021992, -5.324350, 7.048061, 22.879639, 3.000000
4.021992, -5.286047, 6.856539, 22.814453, 3.000000
4.060297, -5.247742, 6.856539, 22.662475, 3.000000
3.983687, -5.362656, 6.741625, 22.575562, 3.000000
3.945382, -5.286047, 6.971453, 22.597291, 2.000000
4.136906, -5.171131, 6.856539, 22.510498, 3.000000
4.098600, -5.324350, 6.856539, 22.423706, 3.000000
4.060297, -5.209436, 6.703320, 22.358644, 2.000000
3.945382, -5.209436, 6.971453, 22.271974, 2.000000
3.907078, -5.362656, 7.086367, 22.206910, 2.000000
3.868773, -5.286047, 6.971453, 22.185180, 2.000000
4.021992, -5.171131, 6.779928, 22.098634, 3.000000
4.060297, -5.362656, 6.818233, 21.968629, 3.000000
4.060297, -5.400961, 6.741625, 22.011840, 2.000000
4.060297, -5.247742, 6.703320, 21.925294, 2.000000
4.021992, -5.324350, 6.779928, 21.795411, 3.000000
4.060297, -5.286047, 6.818233, 21.752198, 2.000000
3.945382, -5.286047, 6.894842, 21.730592, 3.000000
4.136906, -5.362656, 7.009756, 21.622314, 3.000000
3.983687, -5.247742, 6.856539, 21.557496, 2.000000
3.945382, -5.209436, 6.933147, 21.579101, 3.000000
3.945382, -5.362656, 6.971453, 21.492677, 2.000000
3.945382, -5.171131, 6.818233, 21.406128, 2.000000
4.098600, -5.286047, 6.933147, 21.341310, 3.000000
3.983687, -5.286047, 6.818233, 21.276491, 3.000000
3.983687, -5.247742, 6.856539, 21.254883, 2.000000
4.060297, -5.286047, 6.856539, 21.190064, 2.000000
4.060297, -5.247742, 7.009756, 21.125245, 3.000000
4.060297, -5.324350, 6.894842, 21.017334, 3.000000
3.945382, -5.209436, 6.894842, 21.038940, 3.000000
3.983687, -5.286047, 6.894842, 20.952516, 3.000000
3.830468, -5.171131, 6.971453, 20.887818, 3.000000
4.098600, -5.247742, 6.856539, 20.823121, 3.000000
4.021992, -5.324350, 6.779928, 20.779908, 2.000000
4.060297, -5.171131, 6.856539, 20.715332, 3.000000
4.060297, -5.247742, 7.009756, 20.629029, 2.000000
3.945382, -5.094522, 6.971453, 20.629029, 1.000000
3.983687, -5.171131, 6.818233, 20.542724, 2.000000
3.945382, -5.132828, 6.894842, 20.521240, 1.000000
4.098600, -5.171131, 7.009756, 20.478027, 3.000000
3.945382, -5.209436, 6.971453, 20.413330, 3.000000
4.060297, -5.171131, 6.971453, 20.348632, 2.000000
4.060297, -5.247742, 6.856539, 20.262451, 1.000000
3.983687, -5.209436, 6.933147, 20.197875, 3.000000
3.983687, -5.286047, 6.933147, 20.197875, 3.000000
3.945382, -5.286047, 6.856539, 20.090089, 1.000000
3.945382, -5.171131, 6.971453, 20.046997, 2.000000
3.983687, -5.286047, 6.894842, 20.025513, 3.000000
4.021992, -5.171131, 6.818233, 20.003908, 3.000000
4.021992, -5.132828, 7.009756, 19.896240, 3.000000
4.021992, -5.132828, 6.971453, 19.917726, 3.000000
3.983687, -5.247742, 6.933147, 19.810181, 2.000000
3.983687, -5.132828, 6.779928, 19.767090, 3.000000
4.021992, -5.171131, 7.124672, 19.702393, 3.000000
3.792164, -5.362656, 6.933147, 19.659424, 2.000000
3.983687, -5.094522, 6.971453, 19.616333, 3.000000
3.983687, -5.247742, 6.894842, 19.530273, 2.000000
4.098600, -5.171131, 7.086367, 19.530273, 3.000000
4.060297, -5.209436, 7.162975, 19.508667, 2.000000
3.983687, -5.132828, 7.009756, 19.422607, 3.000000
3.983687, -5.209436, 7.048061, 19.379517, 2.000000
4.136906, -5.209436, 6.894842, 19.358033, 2.000000
3.945382, -5.286047, 6.933147, 19.250366, 2.000000
3.983687, -5.247742, 6.779928, 19.293457, 2.000000
4.136906, -5.171131, 6.818233, 19.185914, 2.000000
3.983687, -5.209436, 7.048061, 19.142944, 3.000000
4.098600, -5.171131, 6.933147, 19.056763, 3.000000
4.098600, -5.094522, 6.856539, 19.013795, 2.000000
4.060297, -5.056217, 6.894842, 19.013795, 2.000000
3.983687, -5.171131, 6.779928, 18.992310, 3.000000
3.907078, -5.209436, 7.048061, 18.884644, 1.000000
3.983687, -5.209436, 6.933147, 18.820068, 2.000000
3.868773, -5.247742, 6.933147, 18.841676, 3.000000
4.060297, -5.324350, 6.894842, 18.777100, 2.000000
4.021992, -5.094522, 6.894842, 18.755616, 3.000000
3.983687, -5.286047, 7.086367, 18.691040, 2.000000
4.060297, -5.247742, 6.971453, 18.604980, 3.000000
3.945382, -5.247742, 6.894842, 18.540405, 2.000000
4.060297, -5.132828, 6.971453, 18.562012, 3.000000
4.021992, -5.286047, 6.894842, 18.497437, 3.000000
4.060297, -5.324350, 6.933147, 18.432861, 3.000000
3.945382, -5.171131, 7.009756, 18.432861, 2.000000
4.213514, -5.171131, 6.933147, 18.389893, 3.000000
3.983687, -5.209436, 6.933147, 18.389893, 2.000000
3.983687, -5.132828, 6.856539, 18.239380, 3.000000
3.983687, -5.171131, 7.048061, 18.260864, 3.000000
4.098600, -5.171131, 6.703320, 18.217773, 2.000000
4.213514, -5.247742, 6.779928, 18.153199, 2.000000
3.945382, -5.209436, 7.009756, 18.131714, 2.000000
4.060297, -5.171131, 6.971453, 18.110229, 2.000000
3.945382, -5.209436, 7.048061, 18.024170, 3.000000
4.021992, -5.324350, 6.856539, 18.002563, 2.000000
4.060297, -5.171131, 6.894842, 17.959595, 2.000000
4.021992, -5.247742, 6.933147, 17.916626, 2.000000
4.098600, -5.132828, 7.009756, 17.916626, 2.000000
4.021992, -5.171131, 6.971453, 17.873535, 3.000000
3.945382, -5.247742, 6.933147, 17.808961, 2.000000
4.060297, -5.094522, 6.894842, 17.744507, 2.000000
3.945382, -5.171131, 6.894842, 17.765992, 2.000000
3.983687, -5.132828, 6.933147, 17.701416, 3.000000
3.868773, -5.286047, 6.971453, 17.658447, 3.000000
4.021992, -5.247742, 6.933147, 17.593873, 3.000000
4.021992, -5.132828, 7.048061, 17.615356, 3.000000
4.021992, -5.132828, 7.009756, 17.615356, 3.000000
3.945382, -5.209436, 7.086367, 17.529175, 3.000000
3.983687, -5.094522, 6.818233, 17.464723, 3.000000
3.945382, -5.247742, 7.048061, 17.443116, 2.000000
4.098600, -5.209436, 7.124672, 17.443116, 3.000000
3.983687, -5.171131, 7.124672, 17.378663, 3.000000
3.830468, -5.209436, 6.971453, 17.313966, 2.000000
4.136906, -5.056217, 6.933147, 17.335571, 3.000000
4.021992, -5.286047, 7.162975, 17.270997, 3.000000
3.907078, -5.056217, 7.124672, 17.206421, 3.000000
3.983687, -5.286047, 6.971453, 17.206421, 2.000000
4.021992, -5.247742, 7.124672, 17.120240, 3.000000
4.060297, -5.171131, 6.971453, 17.098755, 2.000000
4.021992, -5.171131, 7.086367, 17.098755, 2.000000
4.136906, -5.132828, 6.856539, 17.055664, 3.000000
4.021992, -5.247742, 6.856539, 16.969483, 2.000000
4.060297, -5.056217, 7.009756, 17.012573, 1.000000
4.136906, -5.171131, 6.971453, 16.990967, 3.000000
4.021992, -5.017914, 7.239586, 16.947998, 2.000000
4.021992, -5.247742, 6.971453, 16.883301, 3.000000
4.060297, -5.094522, 6.818233, 16.883301, 3.000000
3.983687, -5.171131, 6.971453, 16.840210, 2.000000
3.945382, -5.094522, 6.894842, 16.732544, 3.000000
4.021992, -5.247742, 6.933147, 16.754029, 3.000000
4.021992, -5.056217, 6.856539, 16.754029, 2.000000
4.021992, -5.056217, 6.933147, 16.689453, 2.000000
4.021992, -5.132828, 7.086367, 16.624756, 2.000000
4.060297, -5.094522, 7.162975, 16.646362, 3.000000
3.983687, -5.209436, 6.971453, 16.624756, 3.000000
3.945382, -5.056217, 6.971453, 16.560182, 2.000000
4.098600, -5.132828, 6.971453, 16.538575, 2.000000
3.983687, -5.094522, 6.971453, 16.538575, 3.000000
3.983687, -5.209436, 6.894842, 16.473877, 3.000000
3.983687, -5.171131, 6.933147, 16.495484, 3.000000
4.098600, -5.132828, 6.818233, 16.409180, 3.000000
4.136906, -5.132828, 6.818233, 16.387695, 2.000000
4.021992, -5.209436, 6.971453, 16.387695, 3.000000
4.021992, -5.132828, 6.971453, 16.279907, 2.000000
4.021992, -5.171131, 6.856539, 16.258301, 2.000000
4.136906, -5.247742, 7.009756, 16.236695, 2.000000
4.098600, -5.247742, 7.009756, 16.258301, 2.000000
4.060297, -5.247742, 6.971453, 16.279907, 3.000000
3.830468, -5.209436, 6.933147, 16.215088, 3.000000
4.060297, -5.171131, 6.818233, 16.150391, 1.000000
4.098600, -5.209436, 6.971453, 16.150391, 3.000000
4.136906, -5.171131, 6.894842, 16.085694, 3.000000
3.907078, -5.094522, 7.009756, 16.085694, 3.000000
3.945382, -5.171131, 7.048061, 16.020997, 2.000000
3.945382, -5.132828, 7.048061, 16.020997, 3.000000
4.021992, -5.209436, 6.971453, 15.956299, 2.000000
4.021992, -5.209436, 6.894842, 15.956299, 3.000000
3.983687, -5.094522, 6.894842, 15.891357, 2.000000
4.060297, -5.171131, 6.971453, 15.934571, 2.000000
4.060297, -5.209436, 7.009756, 15.869874, 2.000000
4.098600, -5.094522, 6.933147, 15.869874, 3.000000
3.945382, -5.132828, 6.971453, 15.848267, 2.000000
4.021992, -5.132828, 6.894842, 15.783447, 2.000000
3.907078, -5.209436, 6.894842, 15.826660, 3.000000
4.136906, -5.209436, 6.894842, 15.740356, 2.000000
4.098600, -5.171131, 7.124672, 15.740356, 3.000000
3.945382, -5.132828, 7.009756, 15.697145, 3.000000
4.021992, -5.132828, 6.894842, 15.675538, 2.000000
3.945382, -5.171131, 6.933147, 15.653931, 2.000000
4.021992, -5.362656, 6.971453, 15.653931, 2.000000
4.098600, -5.094522, 6.933147, 15.632324, 3.000000
4.021992, -5.171131, 6.856539, 15.632324, 2.000000
3.983687, -5.094522, 6.856539, 15.545777, 1.000000
4.136906, -5.132828, 6.933147, 15.567505, 2.000000
4.060297, -5.171131, 6.933147, 15.524292, 2.000000
4.098600, -5.094522, 6.971453, 15.502563, 2.000000
4.098600, -5.132828, 7.048061, 15.480957, 2.000000
4.021992, -5.132828, 6.818233, 15.372925, 2.000000
3.983687, -5.094522, 6.933147, 15.372925, 2.000000
3.868773, -5.171131, 6.971453, 15.372925, 2.000000
3.983687, -5.132828, 6.933147, 15.329590, 3.000000
4.021992, -5.094522, 6.971453, 15.351318, 3.000000
4.060297, -5.132828, 6.933147, 15.286378, 2.000000
4.060297, -5.247742, 7.048061, 15.264771, 3.000000
3.983687, -5.132828, 6.971453, 15.264771, 1.000000
3.907078, -5.132828, 6.933147, 15.243043, 2.000000
3.907078, -5.171131, 6.818233, 15.178223, 2.000000
3.945382, -5.209436, 7.162975, 15.221436, 2.000000
4.021992, -5.132828, 6.818233, 15.113281, 2.000000
4.021992, -5.132828, 6.971453, 15.156616, 3.000000
4.021992, -5.094522, 7.048061, 15.091676, 2.000000
4.098600, -5.209436, 7.048061, 15.091676, 3.000000
3.868773, -5.209436, 7.009756, 15.091676, 2.000000
4.060297, -5.171131, 6.933147, 14.983399, 3.000000
3.945382, -5.171131, 6.894842, 14.983399, 3.000000
3.983687, -5.132828, 7.124672, 14.983399, 2.000000
4.098600, -5.132828, 7.086367, 14.983399, 2.000000
3.983687, -5.171131, 7.124672, 14.940064, 2.000000
3.907078, -5.132828, 7.048061, 14.918457, 2.000000
4.098600, -5.286047, 7.009756, 14.918457, 2.000000
3.983687, -5.247742, 6.894842, 14.853516, 2.000000
3.983687, -5.132828, 6.856539, 14.875122, 2.000000
4.021992, -5.094522, 7.048061, 14.875122, 3.000000
3.983687, -5.094522, 6.894842, 14.831787, 2.000000
4.060297, -5.056217, 6.894842, 14.788452, 2.000000
3.983687, -5.209436, 7.048061, 14.788452, 3.000000
4.021992, -5.247742, 6.971453, 14.810181, 2.000000
4.021992, -5.247742, 7.086367, 14.744996, 3.000000
4.213514, -5.132828, 6.856539, 14.766724, 3.000000
4.098600, -5.171131, 6.971453, 14.701782, 3.000000
4.060297, -5.094522, 6.971453, 14.723389, 3.000000
3.983687, -5.132828, 6.933147, 14.636719, 2.000000
3.983687, -5.017914, 6.933147, 14.658447, 3.000000
3.907078, -5.247742, 7.048061, 14.636719, 3.000000
4.060297, -5.209436, 6.971453, 14.636719, 3.000000
3.983687, -5.209436, 7.124672, 14.593262, 3.000000
3.945382, -5.171131, 7.009756, 14.549927, 3.000000
4.021992, -5.094522, 7.009756, 14.571656, 3.000000
4.098600, -5.056217, 6.971453, 14.549927, 2.000000
3.983687, -5.094522, 7.048061, 14.528198, 3.000000
3.983687, -5.094522, 7.009756, 14.441528, 3.000000
4.060297, -5.209436, 6.894842, 14.506592, 2.000000
4.060297, -5.171131, 7.048061, 14.419800, 2.000000
3.907078, -5.132828, 6.933147, 14.419800, 2.000000
3.983687, -5.209436, 6.971453, 14.419800, 2.000000
3.983687, -5.171131, 7.048061, 14.354614, 3.000000
4.098600, -5.056217, 7.048061, 14.376344, 2.000000
3.868773, -5.286047, 7.009756, 14.419800, 2.000000
3.983687, -5.094522, 6.894842, 14.376344, 2.000000
4.060297, -5.171131, 7.009756, 14.289551, 3.000000
3.983687, -5.132828, 7.009756, 14.224366, 3.000000
4.060297, -5.094522, 7.009756, 14.267701, 3.000000
3.868773, -5.132828, 6.971453, 14.289551, 2.000000
4.060297, -5.132828, 7.009756, 14.245972, 2.000000
4.060297, -5.094522, 7.086367, 14.224366, 3.000000
4.021992, -5.171131, 7.009756, 14.245972, 3.000000
3.907078, -5.017914, 6.933147, 14.224366, 3.000000
4.021992, -5.094522, 6.894842, 14.159180, 2.000000
3.983687, -5.094522, 7.009756, 14.159180, 2.000000
3.983687, -5.094522, 6.971453, 14.137329, 3.000000
4.175211, -5.094522, 7.048061, 14.093994, 3.000000
4.098600, -5.132828, 6.933147, 14.159180, 2.000000
3.945382, -5.132828, 6.933147, 14.093994, 2.000000
4.021992, -4.979609, 7.048061, 14.050416, 2.000000
4.136906, -5.132828, 7.086367, 14.093994, 2.000000
3.945382, -5.094522, 6.971453, 14.050416, 2.000000
3.983687, -5.132828, 6.933147, 14.028687, 3.000000
4.060297, -5.209436, 7.086367, 14.028687, 3.000000
3.945382, -5.094522, 7.009756, 13.963501, 2.000000
4.098600, -5.171131, 6.933147, 13.985230, 1.000000
3.945382, -5.132828, 7.009756, 13.985230, 2.000000
3.983687, -5.017914, 7.048061, 13.898194, 2.000000
4.021992, -5.094522, 7.048061, 13.898194, 3.000000
3.868773, -5.247742, 7.048061, 13.919922, 2.000000
3.983687, -5.171131, 6.933147, 13.876466, 2.000000
4.098600, -5.132828, 7.009756, 13.876466, 2.000000
4.098600, -5.171131, 7.009756, 13.854736, 3.000000
3.945382, -5.132828, 6.933147, 13.854736, 2.000000
4.098600, -5.132828, 6.971453, 13.876466, 3.000000
3.983687, -5.209436, 6.894842, 13.811158, 3.000000
3.945382, -5.094522, 6.856539, 13.811158, 2.000000
3.983687, -5.209436, 7.009756, 13.811158, 2.000000
3.983687, -5.171131, 6.894842, 13.789307, 3.000000
3.983687, -5.209436, 6.894842, 13.723999, 3.000000
3.945382, -5.094522, 7.124672, 13.745850, 2.000000
3.945382, -5.017914, 6.971453, 13.680420, 2.000000
4.098600, -5.132828, 6.933147, 13.767579, 2.000000
3.907078, -5.094522, 7.086367, 13.658692, 3.000000
4.098600, -5.132828, 7.009756, 13.615112, 3.000000
4.098600, -5.171131, 6.894842, 13.636963, 2.000000
3.983687, -5.056217, 6.933147, 13.658692, 3.000000
3.983687, -5.056217, 7.162975, 13.658692, 2.000000
4.021992, -5.056217, 6.894842, 13.636963, 3.000000
3.983687, -5.094522, 7.048061, 13.571533, 3.000000
4.021992, -5.094522, 6.971453, 13.615112, 2.000000
4.060297, -5.324350, 7.048061, 13.506104, 3.000000
4.060297, -5.132828, 6.894842, 13.484375, 3.000000
3.983687, -5.056217, 7.086367, 13.593384, 3.000000
3.945382, -5.247742, 6.933147, 13.527955, 2.000000
3.907078, -5.132828, 7.009756, 13.527955, 2.000000
4.060297, -5.132828, 6.933147, 13.527955, 3.000000
4.060297, -5.094522, 6.971453, 13.440796, 2.000000
4.021992, -5.094522, 6.971453, 13.484375, 2.000000
4.060297, -5.056217, 6.856539, 13.484375, 3.000000
4.060297, -5.132828, 7.009756, 13.418823, 3.000000
3.983687, -5.094522, 7.009756, 13.418823, 3.000000
3.945382, -5.132828, 6.894842, 13.375244, 2.000000
3.983687, -5.094522, 7.086367, 13.397095, 2.000000
3.907078, -5.017914, 7.048061, 13.375244, 2.000000
4.021992, -5.132828, 7.009756, 13.397095, 3.000000
3.983687, -5.132828, 7.124672, 13.287964, 3.000000
4.136906, -5.056217, 7.162975, 13.375244, 2.000000
3.945382, -5.094522, 7.086367, 13.331665, 2.000000
3.945382, -5.056217, 6.933147, 13.331665, 3.000000
4.060297, -5.132828, 6.856539, 13.353394, 2.000000
4.021992, -5.209436, 7.009756, 13.222412, 3.000000
4.136906, -5.017914, 6.933147, 13.222412, 3.000000
4.060297, -5.209436, 6.971453, 13.222412, 1.000000
3.945382, -5.094522, 7.009756, 13.266114, 2.000000
4.060297, -4.979609, 6.971453, 13.222412, 2.000000
4.060297, -5.017914, 6.971453, 13.222412, 3.000000
4.021992, -5.132828, 6.894842, 13.156983, 3.000000
3.983687, -4.979609, 7.162975, 13.200562, 2.000000
3.945382, -5.094522, 7.048061, 13.178711, 3.000000
3.983687, -5.094522, 7.086367, 13.178711, 2.000000
3.868773, -5.094522, 6.856539, 13.178711, 3.000000
4.060297, -5.056217, 6.933147, 13.178711, 2.000000
4.060297, -5.132828, 6.971453, 13.135132, 1.000000
3.907078, -5.209436, 7.201281, 13.091309, 2.000000
3.983687, -5.132828, 6.971453, 13.091309, 2.000000
3.868773, -5.017914, 6.933147, 13.091309, 2.000000
4.060297, -5.094522, 6.856539, 13.069581, 1.000000
4.213514, -5.056217, 6.933147, 13.047608, 2.000000
4.021992, -5.171131, 6.933147, 13.069581, 3.000000
4.098600, -5.132828, 7.009756, 12.938355, 2.000000
4.060297, -5.171131, 6.971453, 13.047608, 3.000000
4.021992, -5.056217, 6.971453, 13.025879, 3.000000
3.945382, -5.132828, 6.971453, 13.003906, 2.000000
3.945382, -5.171131, 7.086367, 13.003906, 2.000000
3.983687, -5.056217, 6.894842, 12.960205, 3.000000
3.983687, -5.017914, 7.048061, 13.003906, 3.000000
4.060297, -5.209436, 7.048061, 12.982056, 3.000000
4.021992, -5.094522, 7.048061, 12.938355, 3.000000
4.021992, -5.209436, 6.971453, 12.916383, 2.000000
3.983687, -5.094522, 6.971453, 12.850831, 2.000000
4.021992, -5.132828, 6.741625, 12.850831, 3.000000
4.098600, -5.171131, 7.048061, 12.807007, 2.000000
3.983687, -5.017914, 7.009756, 12.872680, 3.000000
4.060297, -5.209436, 7.048061, 12.850831, 2.000000
4.021992, -5.056217, 7.048061, 12.850831, 3.000000
4.098600, -5.017914, 6.971453, 12.872680, 1.000000
3.983687, -5.132828, 6.894842, 12.828858, 2.000000
3.983687, -5.094522, 7.162975, 12.785034, 3.000000
3.983687, -5.247742, 6.933147, 12.850831, 2.000000
4.021992, -5.017914, 6.856539, 12.785034, 2.000000
4.021992, -5.171131, 7.048061, 12.828858, 2.000000
4.021992, -5.056217, 7.124672, 12.719361, 3.000000
3.983687, -5.132828, 6.933147, 12.807007, 3.000000
4.021992, -5.056217, 6.741625, 12.675537, 3.000000
4.060297, -5.094522, 6.971453, 12.741333, 3.000000
4.021992, -4.979609, 7.124672, 12.785034, 2.000000
3.945382, -5.056217, 7.086367, 12.719361, 2.000000
4.021992, -5.132828, 6.933147, 12.697510, 2.000000
3.868773, -5.132828, 7.009756, 12.741333, 3.000000
4.021992, -5.247742, 7.162975, 12.719361, 2.000000
4.021992, -5.056217, 6.818233, 12.675537, 2.000000
3.983687, -5.056217, 7.086367, 12.697510, 2.000000
3.983687, -5.017914, 6.894842, 12.675537, 3.000000
3.983687, -5.094522, 7.048061, 12.653687, 2.000000
3.945382, -5.017914, 6.856539, 12.697510, 3.000000
3.907078, -5.094522, 6.894842, 12.609863, 3.000000
3.945382, -5.171131, 6.818233, 12.565918, 3.000000
3.983687, -5.247742, 7.124672, 12.609863, 2.000000
3.907078, -5.132828, 7.009756, 12.609863, 2.000000
3.983687, -5.209436, 7.162975, 12.587891, 2.000000
4.060297, -5.132828, 6.856539, 12.544068, 1.000000
4.060297, -5.209436, 7.048061, 12.544068, 2.000000
3.945382, -5.132828, 6.894842, 12.544068, 3.000000
3.983687, -5.094522, 6.894842, 12.522095, 2.000000
4.021992, -5.056217, 7.124672, 12.544068, 3.000000
3.945382, -5.094522, 7.124672, 12.565918, 2.000000
4.098600, -5.209436, 6.933147, 12.500244, 2.000000
3.945382, -5.132828, 6.818233, 12.522095, 3.000000
4.021992, -5.056217, 7.048061, 12.456299, 2.000000
4.098600, -5.209436, 6.894842, 12.456299, 2.000000
3.983687, -5.056217, 6.971453, 12.434326, 3.000000
3.983687, -4.979609, 6.971453, 12.500244, 2.000000
4.060297, -5.171131, 6.894842, 12.456299, 3.000000
4.098600, -5.171131, 6.894842, 12.456299, 3.000000
4.021992, -5.094522, 6.971453, 12.456299, 3.000000
3.945382, -5.094522, 7.009756, 12.390503, 2.000000
4.098600, -5.017914, 6.971453, 12.412354, 3.000000
3.983687, -5.017914, 7.009756, 12.456299, 2.000000
3.983687, -5.132828, 6.933147, 12.412354, 2.000000
3.868773, -5.094522, 6.971453, 12.390503, 3.000000
4.060297, -5.017914, 6.933147, 12.390503, 3.000000
4.060297, -4.941303, 7.009756, 12.346557, 3.000000
3.983687, -5.017914, 7.009756, 12.324585, 3.000000
3.868773, -5.017914, 7.124672, 12.390503, 2.000000
4.021992, -5.171131, 6.894842, 12.346557, 3.000000
4.175211, -5.209436, 6.971453, 12.324585, 2.000000
3.945382, -5.132828, 6.971453, 12.302612, 3.000000
4.098600, -5.132828, 7.009756, 12.302612, 2.000000
4.175211, -5.056217, 7.009756, 12.324585, 3.000000
4.098600, -5.056217, 7.009756, 12.258667, 2.000000
4.060297, -4.979609, 6.971453, 12.258667, 3.000000
3.983687, -5.132828, 6.933147, 12.258667, 3.000000
3.983687, -5.094522, 6.971453, 12.214721, 3.000000
3.945382, -5.017914, 6.933147, 12.280639, 2.000000
4.060297, -5.132828, 6.933147, 12.214721, 3.000000
3.945382, -5.017914, 7.162975, 12.258667, 2.000000
4.021992, -5.094522, 6.971453, 12.214721, 3.000000
4.098600, -5.171131, 7.086367, 12.192749, 2.000000
4.021992, -5.056217, 6.933147, 12.214721, 3.000000
4.021992, -5.094522, 7.086367, 12.192749, 2.000000
4.060297, -5.094522, 6.971453, 12.192749, 2.000000
3.983687, -5.056217, 7.009756, 12.192749, 1.000000
3.945382, -5.094522, 7.162975, 12.192749, 2.000000
3.868773, -5.017914, 7.048061, 12.192749, 2.000000
4.021992, -5.132828, 6.971453, 12.148682, 3.000000
4.098600, -5.171131, 6.856539, 12.192749, 3.000000
4.021992, -5.056217, 7.048061, 12.104737, 3.000000
4.021992, -5.017914, 7.048061, 12.148682, 3.000000
3.907078, -5.209436, 7.009756, 12.214721, 2.000000
3.983687, -5.209436, 6.894842, 12.148682, 2.000000
4.098600, -5.094522, 7.086367, 12.104737, 3.000000
3.983687, -5.056217, 7.009756, 12.082764, 2.000000
4.021992, -5.094522, 7.048061, 12.126709, 2.000000
4.060297, -5.056217, 6.894842, 12.104737, 3.000000
3.945382, -5.094522, 7.201281, 12.082764, 3.000000
3.983687, -5.094522, 6.971453, 12.060791, 2.000000
4.021992, -5.094522, 7.009756, 12.060791, 2.000000
4.060297, -5.056217, 7.048061, 12.016724, 2.000000
4.021992, -5.056217, 6.894842, 12.082764, 2.000000
3.945382, -5.286047, 7.201281, 12.038819, 2.000000
3.945382, -5.056217, 6.971453, 12.016724, 3.000000
4.060297, -5.132828, 6.933147, 12.016724, 2.000000
4.213514, -5.017914, 7.124672, 12.082764, 2.000000
3.983687, -5.132828, 7.048061, 11.994752, 2.000000
4.098600, -5.056217, 7.009756, 12.016724, 3.000000
4.021992, -5.247742, 6.741625, 11.994752, 3.000000
4.098600, -5.132828, 6.933147, 11.972779, 3.000000
3.983687, -5.171131, 6.818233, 11.950684, 2.000000
4.060297, -5.171131, 7.086367, 11.950684, 3.000000
4.060297, -5.056217, 7.048061, 11.950684, 3.000000
3.945382, -5.132828, 6.894842, 11.928711, 2.000000
4.021992, -5.056217, 6.933147, 11.950684, 3.000000
4.021992, -4.979609, 6.933147, 11.884644, 2.000000
4.021992, -5.171131, 7.048061, 11.906617, 3.000000
4.021992, -5.017914, 6.971453, 11.928711, 2.000000
3.945382, -5.132828, 7.009756, 11.884644, 2.000000
4.021992, -5.056217, 6.894842, 11.884644, 3.000000
4.136906, -5.171131, 6.894842, 11.906617, 1.000000
4.060297, -5.094522, 7.086367, 11.862671, 3.000000
3.983687, -5.171131, 6.971453, 11.862671, 1.000000
4.060297, -5.094522, 6.971453, 11.884644, 2.000000
3.983687, -5.171131, 7.086367, 11.862671, 3.000000
3.983687, -5.132828, 7.086367, 11.884644, 2.000000
4.060297, -5.017914, 6.933147, 11.884644, 3.000000
4.136906, -5.017914, 7.124672, 11.840576, 1.000000
4.060297, -5.017914, 7.086367, 11.862671, 3.000000
3.907078, -5.017914, 7.124672, 11.840576, 3.000000
3.907078, -5.132828, 7.086367, 11.818482, 1.000000
3.983687, -5.132828, 6.779928, 11.818482, 3.000000
3.983687, -5.132828, 7.009756, 11.818482, 3.000000
3.983687, -5.171131, 7.048061, 11.730347, 2.000000
4.060297, -5.171131, 6.971453, 11.730347, 3.000000
4.060297, -5.094522, 7.009756, 11.796387, 3.000000
3.945382, -5.247742, 7.009756, 11.752319, 3.000000
3.983687, -5.056217, 6.933147, 11.774415, 3.000000
3.907078, -5.056217, 7.009756, 11.796387, 2.000000
3.983687, -5.056217, 7.162975, 11.752319, 3.000000
3.907078, -5.017914, 6.971453, 11.752319, 2.000000
4.098600, -5.132828, 6.971453, 11.774415, 2.000000
3.907078, -4.979609, 6.856539, 11.752319, 2.000000
4.021992, -5.132828, 7.048061, 11.686280, 2.000000
4.136906, -5.171131, 6.933147, 11.752319, 1.000000
4.021992, -5.094522, 6.971453, 11.686280, 2.000000
4.098600, -5.056217, 7.162975, 11.730347, 3.000000
3.945382, -5.094522, 6.933147, 11.796387, 3.000000
3.945382, -5.017914, 7.009756, 11.730347, 3.000000
3.983687, -5.171131, 7.009756, 11.686280, 3.000000
3.945382, -5.171131, 7.048061, 11.708252, 3.000000
3.907078, -5.171131, 6.894842, 11.642090, 3.000000
4.021992, -5.171131, 6.856539, 11.708252, 3.000000
3.983687, -5.171131, 7.086367, 11.642090, 3.000000
3.907078, -5.056217, 7.086367, 11.664184, 3.000000
4.060297, -5.017914, 7.048061, 11.664184, 2.000000
3.945382, -5.056217, 7.048061, 11.664184, 2.000000
3.945382, -5.056217, 6.856539, 11.642090, 3.000000
3.945382, -5.132828, 6.856539, 11.686280, 3.000000
3.945382, -5.017914, 7.124672, 11.597900, 2.000000
3.983687, -5.056217, 7.086367, 11.642090, 3.000000
3.945382, -5.094522, 7.086367, 11.575806, 2.000000
3.945382, -4.941303, 6.856539, 11.642090, 3.000000
4.098600, -5.132828, 6.933147, 11.553711, 2.000000
3.983687, -5.132828, 7.048061, 11.642090, 2.000000
4.060297, -5.094522, 7.048061, 11.597900, 2.000000
3.907078, -5.017914, 6.856539, 11.597900, 2.000000
4.021992, -5.056217, 7.048061, 11.597900, 3.000000
4.098600, -5.094522, 7.086367, 11.597900, 3.000000
4.021992, -5.094522, 6.971453, 11.619996, 3.000000
3.983687, -5.056217, 7.086367, 11.509522, 2.000000
4.021992, -5.171131, 7.048061, 11.531616, 3.000000
4.060297, -5.056217, 7.009756, 11.597900, 3.000000
4.136906, -5.017914, 7.162975, 11.531616, 3.000000
4.021992, -5.094522, 7.086367, 11.575806, 1.000000
4.021992, -5.209436, 7.048061, 11.487427, 2.000000
3.983687, -5.056217, 7.086367, 11.553711, 2.000000
3.945382, -5.132828, 7.048061, 11.487427, 2.000000
4.060297, -5.132828, 6.971453, 11.531616, 3.000000
3.830468, -5.056217, 7.086367, 11.465333, 2.000000
3.945382, -5.056217, 7.048061, 11.509522, 3.000000
3.983687, -5.056217, 7.009756, 11.465333, 3.000000
4.021992, -5.017914, 6.933147, 11.509522, 2.000000
4.021992, -5.132828, 6.971453, 11.443237, 2.000000
3.907078, -4.979609, 7.086367, 11.487427, 2.000000
4.021992, -5.056217, 7.086367, 11.465333, 3.000000
4.060297, -5.017914, 6.779928, 11.421143, 3.000000
3.983687, -5.094522, 7.048061, 11.487427, 2.000000
4.060297, -5.171131, 6.971453, 11.465333, 2.000000
4.098600, -5.171131, 7.009756, 11.443237, 3.000000
4.136906, -5.132828, 7.162975, 11.443237, 2.000000
4.021992, -5.094522, 7.124672, 11.465333, 2.000000
3.868773, -5.017914, 6.971453, 11.465333, 3.000000
3.983687, -5.094522, 6.933147, 11.399049, 3.000000
3.945382, -5.017914, 7.162975, 11.376953, 3.000000
4.175211, -5.132828, 6.971453, 11.443237, 3.000000
3.983687, -5.132828, 7.009756, 11.399049, 3.000000
4.098600, -5.056217, 6.856539, 11.376953, 2.000000
4.021992, -5.017914, 7.048061, 11.399049, 2.000000
4.021992, -5.094522, 6.971453, 11.421143, 3.000000
4.098600, -5.094522, 6.971453, 11.376953, 2.000000
4.136906, -5.017914, 7.086367, 11.443237, 3.000000
3.868773, -5.094522, 6.971453, 11.376953, 2.000000
3.945382, -5.132828, 6.933147, 11.354736, 2.000000
3.868773, -5.056217, 7.239586, 11.399049, 3.000000
3.868773, -4.979609, 7.124672, 11.354736, 3.000000
3.868773, -5.132828, 7.162975, 11.332642, 2.000000
4.060297, -5.132828, 7.009756, 11.376953, 2.000000
3.983687, -5.132828, 7.048061, 11.376953, 2.000000
3.945382, -5.171131, 6.856539, 11.310548, 1.000000
3.830468, -5.017914, 7.201281, 11.332642, 3.000000
3.907078, -5.209436, 6.894842, 11.354736, 3.000000
3.907078, -5.171131, 7.048061, 11.354736, 2.000000
4.021992, -4.903000, 6.894842, 11.354736, 2.000000
3.983687, -5.056217, 7.009756, 11.310548, 3.000000
4.021992, -5.209436, 6.971453, 11.354736, 2.000000
4.060297, -5.094522, 6.933147, 11.288452, 2.000000
3.868773, -5.017914, 7.086367, 11.244141, 3.000000
3.983687, -5.056217, 7.009756, 11.222047, 2.000000
3.945382, -5.056217, 7.048061, 11.222047, 2.000000
3.907078, -5.056217, 6.971453, 11.266235, 1.000000
4.021992, -5.132828, 7.124672, 11.222047, 2.000000
4.021992, -5.056217, 7.009756, 11.244141, 3.000000
4.098600, -5.056217, 7.086367, 11.244141, 2.000000
3.983687, -5.094522, 7.009756, 11.266235, 3.000000
4.136906, -5.094522, 6.894842, 11.244141, 3.000000
3.907078, -5.171131, 6.971453, 11.222047, 2.000000
3.983687, -5.132828, 7.048061, 11.266235, 3.000000
3.907078, -5.247742, 6.933147, 11.222047, 2.000000
3.983687, -5.209436, 7.009756, 11.222047, 3.000000
4.060297, -5.094522, 7.124672, 11.266235, 2.000000
3.983687, -5.094522, 6.856539, 11.222047, 3.000000
3.983687, -5.056217, 7.009756, 11.266235, 3.000000
3.945382, -5.132828, 6.971453, 11.155518, 3.000000
3.983687, -5.094522, 6.894842, 11.222047, 2.000000
4.060297, -5.094522, 6.933147, 11.222047, 2.000000
4.098600, -5.056217, 6.971453, 11.222047, 3.000000
3.907078, -4.979609, 7.086367, 11.199830, 2.000000
4.021992, -5.132828, 6.818233, 11.222047, 3.000000
3.907078, -5.094522, 7.086367, 11.177734, 3.000000
4.098600, -5.132828, 6.971453, 11.222047, 2.000000
3.907078, -5.056217, 6.971453, 11.199830, 3.000000
4.136906, -5.171131, 7.086367, 11.222047, 3.000000
3.945382, -5.017914, 7.009756, 11.177734, 3.000000
3.983687, -5.132828, 6.971453, 11.177734, 3.000000
3.830468, -5.132828, 7.086367, 11.155518, 2.000000
3.983687, -5.056217, 7.048061, 11.133423, 3.000000
4.060297, -4.903000, 7.162975, 11.111206, 2.000000
4.021992, -5.056217, 7.086367, 11.111206, 2.000000
4.060297, -5.132828, 7.048061, 11.133423, 2.000000
3.945382, -4.979609, 7.048061, 11.111206, 3.000000
3.945382, -5.056217, 6.933147, 11.089112, 3.000000
3.907078, -5.171131, 7.124672, 11.111206, 2.000000
4.060297, -5.132828, 6.933147, 11.111206, 2.000000
4.060297, -4.979609, 7.086367, 11.133423, 3.000000
4.021992, -5.056217, 6.933147, 11.155518, 2.000000
3.907078, -5.017914, 6.971453, 11.133423, 3.000000
3.983687, -5.056217, 6.894842, 11.044677, 3.000000
3.945382, -5.132828, 7.124672, 11.089112, 3.000000
3.945382, -5.094522, 6.971453, 11.133423, 2.000000
3.983687, -4.979609, 7.162975, 11.111206, 2.000000
4.021992, -5.017914, 7.086367, 11.066895, 2.000000
3.983687, -5.017914, 7.009756, 11.089112, 3.000000
3.983687, -5.132828, 7.048061, 11.044677, 2.000000
3.907078, -5.017914, 7.048061, 11.044677, 2.000000
3.945382, -5.094522, 7.048061, 11.089112, 3.000000
3.907078, -5.094522, 7.048061, 11.066895, 1.000000
4.098600, -5.132828, 7.048061, 11.044677, 3.000000
4.098600, -5.017914, 7.048061, 11.089112, 3.000000
4.060297, -5.171131, 7.124672, 11.022583, 3.000000
3.983687, -5.094522, 7.048061, 11.022583, 2.000000
4.021992, -5.056217, 6.971453, 11.022583, 2.000000
3.983687, -5.132828, 7.009756, 11.066895, 2.000000
3.983687, -5.132828, 7.086367, 11.044677, 3.000000
3.983687, -5.017914, 7.009756, 11.000366, 3.000000
3.983687, -5.132828, 6.894842, 11.000366, 3.000000
3.907078, -5.094522, 7.009756, 11.000366, 3.000000
3.945382, -5.094522, 7.086367, 11.000366, 2.000000
4.098600, -5.017914, 6.971453, 10.978149, 1.000000
4.060297, -5.094522, 7.048061, 10.978149, 3.000000
3.907078, -5.094522, 7.009756, 10.978149, 2.000000
3.983687, -5.132828, 6.894842, 11.000366, 2.000000
3.907078, -4.979609, 7.124672, 10.933716, 3.000000
3.907078, -5.209436, 7.048061, 10.978149, 3.000000
3.907078, -5.171131, 6.971453, 10.978149, 3.000000
3.907078, -5.094522, 7.086367, 10.911621, 3.000000
4.021992, -5.094522, 7.048061, 10.955933, 3.000000
4.098600, -5.171131, 7.009756, 10.933716, 2.000000
3.983687, -5.056217, 6.971453, 10.978149, 2.000000
4.021992, -5.017914, 6.933147, 11.000366, 2.000000
4.060297, -5.094522, 6.933147, 10.978149, 2.000000
4.021992, -5.056217, 7.048061, 10.978149, 2.000000
3.945382, -5.094522, 6.933147, 10.911621, 3.000000
3.792164, -4.979609, 6.971453, 10.978149, 3.000000
4.021992, -5.056217, 7.048061, 10.955933, 2.000000
4.021992, -5.017914, 7.009756, 10.911621, 2.000000
4.060297, -5.094522, 7.009756, 10.911621, 3.000000
3.983687, -5.094522, 7.124672, 10.933716, 3.000000
3.945382, -4.941303, 7.086367, 10.911621, 3.000000
4.136906, -4.979609, 6.971453, 10.911621, 2.000000
3.945382, -5.056217, 7.009756, 10.955933, 3.000000
3.868773, -5.094522, 7.124672, 10.933716, 3.000000
3.830468, -5.056217, 7.048061, 10.867188, 3.000000
3.945382, -5.132828, 6.971453, 10.911621, 3.000000
3.945382, -5.094522, 7.086367, 10.889405, 2.000000
4.021992, -5.132828, 7.162975, 10.867188, 2.000000
3.945382, -5.209436, 7.048061, 10.889405, 3.000000
3.983687, -5.056217, 6.779928, 10.867188, 1.000000
3.907078, -5.017914, 6.971453, 10.911621, 3.000000
4.060297, -4.979609, 6.933147, 10.844971, 3.000000
3.945382, -5.171131, 7.239586, 10.911621, 2.000000
3.983687, -5.132828, 7.124672, 10.844971, 3.000000
3.945382, -5.017914, 6.971453, 10.844971, 2.000000
3.907078, -5.171131, 7.009756, 10.889405, 2.000000
4.021992, -5.017914, 7.048061, 10.844971, 3.000000
3.868773, -5.056217, 6.971453, 10.844971, 3.000000
3.945382, -5.017914, 7.086367, 10.867188, 3.000000
4.136906, -4.979609, 7.086367, 10.889405, 3.000000
3.868773, -5.056217, 6.971453, 10.889405, 3.000000
3.945382, -5.132828, 7.162975, 10.800537, 2.000000
4.060297, -5.132828, 7.086367, 10.844971, 2.000000
3.983687, -5.094522, 7.048061, 10.800537, 3.000000
4.098600, -5.094522, 6.894842, 10.867188, 2.000000
4.021992, -5.017914, 7.009756, 10.822754, 2.000000
4.021992, -5.056217, 6.818233, 10.822754, 3.000000
3.983687, -5.056217, 6.933147, 10.755981, 1.000000
3.983687, -5.056217, 7.009756, 10.778321, 2.000000
3.983687, -5.017914, 7.048061, 10.800537, 3.000000
3.983687, -5.094522, 7.048061, 10.800537, 3.000000
4.098600, -4.979609, 7.048061, 10.822754, 3.000000
3.945382, -5.094522, 7.009756, 10.778321, 1.000000
4.060297, -5.094522, 7.086367, 10.711548, 3.000000
4.021992, -5.132828, 6.933147, 10.822754, 3.000000
4.021992, -5.132828, 7.239586, 10.800537, 3.000000
3.983687, -4.979609, 7.048061, 10.800537, 1.000000
4.021992, -5.094522, 6.933147, 10.778321, 3.000000
3.945382, -5.132828, 6.971453, 10.755981, 3.000000
4.060297, -5.209436, 7.086367, 10.800537, 2.000000
4.021992, -5.094522, 7.316195, 10.755981, 3.000000
4.098600, -5.017914, 7.086367, 10.778321, 2.000000
3.830468, -5.094522, 7.048061, 10.822754, 3.000000
3.945382, -5.017914, 7.086367, 10.733765, 2.000000
4.021992, -5.171131, 7.009756, 10.778321, 2.000000
3.983687, -5.056217, 7.124672, 10.733765, 2.000000
3.907078, -5.132828, 6.933147, 10.733765, 3.000000
4.021992, -4.903000, 6.933147, 10.778321, 1.000000
4.098600, -4.979609, 7.239586, 10.711548, 2.000000
3.945382, -5.094522, 6.933147, 10.711548, 2.000000
3.983687, -4.979609, 6.933147, 10.778321, 2.000000
4.060297, -5.094522, 7.009756, 10.711548, 3.000000
3.983687, -5.056217, 7.086367, 10.689331, 3.000000
3.945382, -5.056217, 7.009756, 10.644776, 2.000000
3.983687, -5.094522, 7.048061, 10.711548, 3.000000
3.945382, -5.094522, 6.933147, 10.711548, 3.000000
4.021992, -5.094522, 7.048061, 10.733765, 3.000000
4.060297, -5.056217, 6.894842, 10.689331, 3.000000
4.021992, -5.056217, 7.009756, 10.666993, 3.000000
4.060297, -5.094522, 7.009756, 10.666993, 3.000000
4.175211, -5.017914, 6.894842, 10.666993, 3.000000
4.060297, -4.979609, 7.048061, 10.689331, 2.000000
4.021992, -4.979609, 6.971453, 10.644776, 3.000000
3.983687, -5.056217, 7.239586, 10.689331, 3.000000
3.945382, -5.056217, 6.971453, 10.600342, 2.000000
3.983687, -5.171131, 7.124672, 10.666993, 2.000000
4.021992, -4.979609, 7.124672, 10.600342, 3.000000
4.060297, -5.171131, 7.201281, 10.600342, 2.000000
3.983687, -5.094522, 7.086367, 10.689331, 3.000000
3.983687, -5.094522, 6.818233, 10.666993, 3.000000
4.021992, -5.056217, 6.933147, 10.622559, 2.000000
3.945382, -5.094522, 7.124672, 10.666993, 2.000000
3.983687, -5.056217, 6.933147, 10.644776, 3.000000
3.945382, -5.056217, 6.971453, 10.644776, 3.000000
3.868773, -5.171131, 7.124672, 10.644776, 2.000000
4.213514, -5.094522, 7.086367, 10.600342, 3.000000
3.983687, -5.094522, 6.971453, 10.578003, 3.000000
3.945382, -5.094522, 7.086367, 10.622559, 2.000000
3.983687, -5.094522, 7.086367, 10.622559, 3.000000
3.983687, -5.132828, 7.086367, 10.555786, 2.000000
3.983687, -5.017914, 7.009756, 10.578003, 2.000000
3.945382, -5.132828, 7.009756, 10.600342, 3.000000
3.907078, -5.056217, 7.086367, 10.555786, 2.000000
4.060297, -5.094522, 7.009756, 10.622559, 3.000000
4.098600, -5.056217, 6.971453, 10.600342, 1.000000
4.136906, -5.056217, 7.048061, 10.600342, 1.000000
4.060297, -5.094522, 6.971453, 10.555786, 3.000000
3.830468, -5.056217, 7.201281, 10.600342, 2.000000
4.060297, -5.017914, 7.048061, 10.533447, 3.000000
3.983687, -5.017914, 7.009756, 10.578003, 2.000000
3.868773, -5.017914, 7.086367, 10.578003, 3.000000
4.021992, -5.017914, 6.933147, 10.600342, 2.000000
4.060297, -5.017914, 7.162975, 10.511230, 2.000000
3.868773, -5.017914, 7.009756, 10.600342, 3.000000
4.060297, -5.132828, 7.086367, 10.488892, 1.000000
3.945382, -5.094522, 7.009756, 10.555786, 2.000000
3.983687, -5.171131, 7.162975, 10.533447, 2.000000
4.021992, -5.132828, 7.086367, 10.511230, 2.000000
3.868773, -4.979609, 7.009756, 10.511230, 3.000000
3.868773, -5.056217, 7.239586, 10.488892, 3.000000
3.868773, -5.132828, 6.971453, 10.533447, 3.000000
4.021992, -5.017914, 6.971453, 10.511230, 3.000000
4.098600, -5.209436, 7.201281, 10.511230, 2.000000
3.983687, -5.171131, 7.009756, 10.511230, 2.000000
3.830468, -5.017914, 7.086367, 10.488892, 3.000000
3.983687, -5.056217, 7.048061, 10.488892, 3.000000
3.983687, -5.017914, 7.239586, 10.488892, 2.000000
3.945382, -5.094522, 7.009756, 10.533447, 3.000000
4.021992, -5.017914, 6.971453, 10.578003, 1.000000
4.060297, -5.094522, 7.162975, 10.488892, 3.000000
3.945382, -5.056217, 7.162975, 10.533447, 2.000000
4.405039, -5.209436, 7.622631, 10.466675, 2.000000
3.983687, -5.056217, 6.971453, 10.466675, 2.000000
3.983687, -0.268133, 5.171131, 10.488892, 13.000001
-6.052139, 10.840225, -3.830468, 10.511230, 2.000000
-8.465336, 0.191523, 1.417273, 10.600342, 2.000000
-8.541943, 3.600640, -3.485726, 10.689331, 3.000000
2.949461, 1.225750, -6.167053, 11.531616, 3.000000
-0.957617, 1.034226, 7.929070, 10.978149, 17.000000
-1.876929, -4.366734, 10.495484, 11.066895, 60.000000
-2.259976, 0.612875, 6.933147, 11.111206, 88.000002
2.298281, -0.344742, 6.052139, 11.244141, 96.999998
1.953539, -4.711475, 11.529709, 11.332642, 35.000000
0.536266, -2.834546, 9.193123, 11.531616, 11.000000
0.536266, -2.757937, 9.078209, 11.575806, 11.000000
0.689484, -2.719632, 9.078209, 11.708252, 24.000001
0.612875, -2.604718, 9.193123, 11.774415, 22.000000
0.497961, -2.604718, 9.116512, 11.884644, 19.000000
0.612875, -2.757937, 9.154819, 11.972779, 24.000001
0.536266, -2.643023, 9.154819, 12.104737, 26.000001
0.651180, -2.643023, 9.154819, 12.192749, 26.000001
0.612875, -2.719632, 9.001598, 12.324585, 29.000001
0.536266, -2.604718, 9.231426, 12.368530, 21.000001
0.536266, -2.604718, 9.346344, 12.478272, 23.000000
0.574570, -2.604718, 9.154819, 12.478272, 20.000000
0.497961, -2.604718, 9.116512, 12.675537, 21.000001
0.574570, -2.566414, 9.308037, 12.697510, 20.000000
0.497961, -2.566414, 9.193123, 12.807007, 20.000000
0.536266, -2.604718, 9.193123, 12.894531, 22.000000
0.536266, -2.681328, 9.154819, 12.982056, 21.000001
0.612875, -2.566414, 9.078209, 13.069581, 19.000000
0.727789, -2.489804, 9.308037, 13.113282, 24.000001
0.612875, -2.489804, 9.193123, 13.222412, 23.000000
0.574570, -2.566414, 9.231426, 13.287964, 26.000001
0.574570, -2.451500, 9.193123, 13.397095, 26.000001
0.651180, -2.566414, 9.346344, 13.418823, 26.000001
0.689484, -2.489804, 9.154819, 13.615112, 23.000000
0.689484, -2.451500, 9.269733, 13.658692, 26.000001
0.612875, -2.528109, 9.269733, 13.702271, 24.000001
0.804398, -2.451500, 9.154819, 13.789307, 25.000000
0.727789, -2.451500, 9.193123, 13.876466, 25.000000
0.689484, -2.528109, 9.422951, 13.919922, 23.000000
0.651180, -2.413195, 9.308037, 14.050416, 25.000000
0.651180, -2.451500, 8.963295, 14.137329, 25.000000
0.612875, -2.374890, 9.154819, 14.180908, 27.000000
0.689484, -2.451500, 9.422951, 14.267701, 24.000001
0.727789, -2.489804, 9.384647, 14.289551, 25.000000
0.651180, -2.451500, 9.269733, 14.398072, 25.000000
0.766094, -2.374890, 9.384647, 14.484863, 25.000000
0.689484, -2.336586, 9.384647, 14.571656, 25.000000
0.689484, -2.413195, 9.193123, 14.701782, 26.000001
0.689484, -2.374890, 9.269733, 14.680054, 24.000001
0.727789, -2.298281, 9.346344, 14.810181, 27.000000
0.651180, -2.298281, 9.346344, 14.853516, 25.000000
0.766094, -2.336586, 9.346344, 14.918457, 24.000001
0.804398, -2.374890, 9.346344, 14.940064, 26.000001
0.766094, -2.336586, 9.499561, 15.048341, 25.000000
0.766094, -2.145062, 9.308037, 15.156616, 25.000000
0.881008, -2.221671, 9.269733, 15.156616, 25.000000
0.766094, -2.183367, 9.346344, 15.307983, 25.000000
0.842703, -2.145062, 9.461258, 15.264771, 26.000001
0.804398, -2.298281, 9.422951, 15.459351, 20.000000
0.804398, -2.259976, 9.422951, 15.480957, 22.000000
0.804398, -2.336586, 9.231426, 15.480957, 21.000001
0.727789, -2.183367, 9.461258, 15.567505, 20.000000
0.919312, -2.183367, 9.461258, 15.718750, 22.000000
0.881008, -2.221671, 9.308037, 15.675538, 23.000000
0.804398, -2.183367, 9.269733, 15.783447, 22.000000
0.881008, -2.259976, 9.308037, 15.869874, 22.000000
0.919312, -2.221671, 9.346344, 15.913086, 23.000000
0.804398, -2.221671, 9.269733, 15.977783, 20.000000
0.957617, -2.030149, 9.346344, 16.020997, 21.000001
0.957617, -2.183367, 9.422951, 16.085694, 22.000000
0.881008, -2.221671, 9.346344, 16.085694, 20.000000
0.919312, -2.068453, 9.384647, 16.171998, 19.000000
0.881008, -2.336586, 9.308037, 16.279907, 19.000000
0.881008, -2.183367, 9.499561, 16.301393, 19.000000
0.842703, -2.068453, 9.346344, 16.409180, 19.000000
0.881008, -2.106757, 9.499561, 16.452271, 22.000000
0.881008, -2.145062, 9.346344, 16.473877, 20.000000
0.919312, -2.145062, 9.269733, 16.538575, 20.000000
0.766094, -2.106757, 9.384647, 16.560182, 26.000001
0.804398, -2.221671, 9.346344, 16.646362, 27.000000
0.766094, -2.106757, 9.422951, 16.689453, 14.000000
0.766094, -2.145062, 9.154819, 16.775636, 14.000000
0.804398, -2.145062, 9.231426, 16.840210, 25.000000
0.957617, -2.259976, 9.384647, 16.840210, 27.000000
0.957617, -2.183367, 9.346344, 16.904907, 27.000000
0.919312, -2.221671, 9.308037, 17.012573, 25.000000
0.804398, -2.183367, 9.384647, 16.990967, 27.000000
0.842703, -2.221671, 9.269733, 17.055664, 25.000000
0.766094, -2.068453, 9.499561, 17.141847, 26.000001
0.766094, -2.221671, 9.384647, 17.184814, 28.000000
0.881008, -2.183367, 9.346344, 17.270997, 29.000001
0.804398, -2.106757, 9.384647, 17.270997, 28.000000
0.766094, -2.183367, 9.422951, 17.357056, 26.000001
0.842703, -2.183367, 9.461258, 17.421631, 25.000000
0.842703, -2.145062, 9.422951, 17.421631, 27.000000
0.919312, -2.068453, 9.499561, 17.529175, 26.000001
0.957617, -2.068453, 9.384647, 17.529175, 27.000000
0.804398, -2.106757, 9.537865, 17.572266, 28.000000
0.919312, -1.991844, 9.422951, 17.593873, 28.000000
0.881008, -2.106757, 9.499561, 17.636842, 28.000000
0.881008, -2.145062, 9.422951, 17.701416, 25.000000
0.766094, -2.106757, 9.499561, 17.722901, 13.000001
0.766094, -2.106757, 9.422951, 17.765992, 25.000000
0.842703, -2.106757, 9.537865, 17.830566, 20.000000
0.842703, -2.106757, 9.346344, 17.873535, 20.000000
0.881008, -2.145062, 9.269733, 17.981201, 19.000000
0.957617, -2.145062, 9.614475, 17.916626, 20.000000
0.804398, -2.221671, 9.422951, 18.002563, 20.000000
0.919312, -2.145062, 9.384647, 18.088745, 20.000000
0.842703, -2.106757, 9.576172, 18.110229, 22.000000
0.881008, -2.145062, 9.499561, 18.153199, 20.000000
0.881008, -2.106757, 9.461258, 18.174683, 20.000000
0.766094, -2.106757, 9.422951, 18.153199, 20.000000
0.881008, -2.183367, 9.422951, 18.260864, 19.000000
0.842703, -2.068453, 9.308037, 18.260864, 21.000001
0.804398, -2.145062, 9.346344, 18.346802, 20.000000
0.995922, -2.106757, 9.384647, 18.325318, 21.000001
0.766094, -2.183367, 9.269733, 18.411378, 20.000000
0.957617, -2.106757, 9.576172, 18.497437, 20.000000
0.995922, -2.221671, 9.384647, 18.475952, 21.000001
0.842703, -2.183367, 9.384647, 18.540405, 23.000000
0.919312, -2.106757, 9.346344, 18.583497, 22.000000
0.766094, -2.068453, 9.461258, 18.562012, 22.000000
0.957617, -2.221671, 9.576172, 18.604980, 21.000001
0.842703, -2.221671, 9.614475, 18.691040, 20.000000
0.881008, -2.298281, 9.422951, 18.712524, 20.000000
0.804398, -2.145062, 9.231426, 18.734131, 23.000000
0.842703, -2.106757, 9.422951, 18.712524, 21.000001
0.727789, -2.221671, 9.422951, 18.798584, 21.000001
0.727789, -2.183367, 9.461258, 18.841676, 21.000001
0.804398, -2.068453, 9.422951, 18.906250, 31.000001
0.919312, -2.336586, 9.346344, 18.992310, 31.000001
0.842703, -2.106757, 9.461258, 18.970703, 28.000000
0.881008, -2.221671, 9.461258, 18.970703, 30.000000
0.766094, -2.183367, 9.384647, 19.099854, 30.000000
0.842703, -2.145062, 9.422951, 19.035278, 30.000000
0.881008, -2.183367, 9.499561, 19.142944, 26.000001
0.727789, -2.183367, 9.537865, 19.142944, 8.000000
0.114914, -1.378969, 9.461258, 19.185914, 7.000000
0.804398, -2.106757, 9.576172, 19.228882, 8.000000
0.919312, -2.259976, 9.384647, 19.293457, 7.000000
0.651180, -2.259976, 9.346344, 19.293457, 7.000000
0.612875, -2.183367, 9.422951, 19.293457, 7.000000
0.727789, -2.068453, 9.499561, 19.379517, 8.000000
0.842703, -2.259976, 9.576172, 19.444093, 7.000000
0.766094, -2.259976, 9.346344, 19.465698, 9.000000
0.766094, -2.106757, 9.193123, 19.465698, 8.000000
0.766094, -2.145062, 9.422951, 19.465698, 7.000000
0.766094, -2.259976, 9.384647, 19.551758, 8.000000
0.842703, -2.259976, 9.308037, 19.551758, 8.000000
0.766094, -2.221671, 9.537865, 19.594850, 22.000000
0.804398, -2.221671, 9.499561, 19.616333, 32.000000
0.689484, -2.298281, 9.384647, 19.637939, 35.000000
0.804398, -2.183367, 9.499561, 19.680909, 32.000000
0.651180, -2.221671, 9.231426, 19.680909, 39.000001
0.766094, -2.259976, 9.384647, 19.745483, 36.000001
0.689484, -2.413195, 9.537865, 19.723999, 34.000001
0.689484, -2.183367, 9.384647, 19.831666, 34.000001
0.689484, -2.259976, 9.346344, 19.853271, 34.000001
0.766094, -2.221671, 9.499561, 19.853271, 33.000000
0.727789, -2.298281, 9.346344, 19.896240, 33.000000
0.727789, -2.259976, 9.346344, 19.917726, 35.000000
0.727789, -2.336586, 9.384647, 19.939331, 35.000000
0.727789, -2.145062, 9.193123, 20.003908, 33.000000
0.727789, -2.298281, 9.346344, 19.982423, 36.000001
0.574570, -2.145062, 9.461258, 20.090089, 34.000001
0.766094, -2.336586, 9.422951, 20.068605, 32.000000
0.727789, -2.298281, 9.308037, 20.154786, 36.000001
0.766094, -2.183367, 9.652779, 20.176270, 33.000000
0.612875, -2.298281, 9.193123, 20.133178, 33.000000
0.651180, -2.298281, 9.384647, 20.176270, 34.000001
0.651180, -2.221671, 9.231426, 20.219362, 33.000000
0.689484, -2.413195, 9.308037, 20.219362, 35.000000
0.689484, -2.259976, 9.461258, 20.240967, 35.000000
0.574570, -2.298281, 9.384647, 20.284059, 34.000001
0.651180, -2.374890, 9.308037, 20.305543, 35.000000
0.727789, -2.298281, 9.461258, 20.391846, 36.000001
0.574570, -2.298281, 9.346344, 20.391846, 36.000001
0.651180, -2.298281, 9.269733, 20.370240, 34.000001
0.651180, -2.336586, 9.346344, 20.456421, 32.000000
0.651180, -2.336586, 9.308037, 20.478027, 35.000000
0.689484, -2.336586, 9.308037, 20.478027, 35.000000
0.612875, -2.413195, 9.269733, 20.499635, 36.000001
0.536266, -2.298281, 9.193123, 20.585816, 34.000001
0.574570, -2.336586, 9.499561, 20.542724, 34.000001
0.574570, -2.298281, 9.537865, 20.542724, 34.000001
0.574570, -2.221671, 9.499561, 20.607421, 34.000001
0.574570, -2.374890, 9.422951, 20.650513, 33.000000
0.574570, -2.451500, 9.308037, 20.629029, 32.000000
0.651180, -2.413195, 9.422951, 20.650513, 32.000000
0.651180, -2.374890, 9.346344, 20.693605, 34.000001
0.689484, -2.221671, 9.461258, 20.672119, 24.000001
0.574570, -2.413195, 9.308037, 20.779908, 21.000001
0.574570, -2.298281, 9.346344, 20.715332, 14.000000
0.574570, -2.413195, 9.346344, 20.779908, 17.000000
0.689484, -2.336586, 9.384647, 20.779908, 32.000000
0.612875, -2.259976, 9.384647, 20.801513, 32.000000
0.689484, -2.259976, 9.001598, 20.823121, 32.000000
0.727789, -2.413195, 9.269733, 20.887818, 32.000000
0.536266, -2.374890, 9.384647, 20.931032, 33.000000
0.574570, -2.413195, 9.154819, 20.974121, 38.000000
0.612875, -2.336586, 9.193123, 20.952516, 33.000000
0.612875, -2.374890, 9.308037, 20.931032, 34.000001
0.574570, -2.374890, 9.346344, 20.952516, 34.000001
0.536266, -2.413195, 9.269733, 20.995729, 35.000000
0.497961, -2.374890, 9.346344, 21.038940, 36.000001
0.536266, -2.413195, 9.384647, 21.017334, 34.000001
0.651180, -2.336586, 9.384647, 21.060548, 36.000001
0.651180, -2.298281, 9.231426, 21.060548, 34.000001
0.574570, -2.374890, 9.269733, 21.103637, 34.000001
0.651180, -2.413195, 9.384647, 21.125245, 33.000000
0.651180, -2.298281, 9.154819, 21.211669, 36.000001
0.497961, -2.298281, 9.193123, 21.190064, 34.000001
0.689484, -2.374890, 9.269733, 21.211669, 34.000001
0.536266, -2.374890, 9.346344, 21.190064, 32.000000
0.574570, -2.221671, 9.308037, 21.276491, 34.000001
0.574570, -2.336586, 9.231426, 21.254883, 35.000000
0.612875, -2.336586, 9.231426, 21.298096, 33.000000
0.574570, -2.336586, 9.308037, 21.254883, 36.000001
0.574570, -2.374890, 9.269733, 21.319702, 36.000001
0.612875, -2.259976, 9.346344, 21.341310, 32.000000
0.651180, -2.298281, 9.499561, 21.341310, 36.000001
0.497961, -2.374890, 9.231426, 21.362915, 38.000000
0.574570, -2.374890, 9.231426, 21.362915, 34.000001
0.574570, -2.336586, 9.269733, 21.406128, 33.000000
0.497961, -2.298281, 9.116512, 21.406128, 36.000001
0.536266, -2.336586, 9.231426, 21.427734, 33.000000
0.459656, -2.336586, 9.422951, 21.427734, 40.000000
2.068453, -1.340664, 9.844303, 21.535766, 14.000000
0.536266, -2.183367, 9.308037, 21.514282, 19.000000
0.574570, -2.183367, 9.422951, 21.514282, 30.000000
0.536266, -2.259976, 9.537865, 21.514282, 33.000000
0.574570, -2.259976, 9.384647, 21.557496, 34.000001
0.536266, -2.145062, 9.422951, 21.579101, 30.000000
0.536266, -2.298281, 9.231426, 21.600709, 28.000000
0.536266, -2.106757, 9.499561, 21.644044, 32.000000
0.536266, -2.259976, 9.346344, 21.557496, 35.000000
0.574570, -2.259976, 9.346344, 21.665649, 31.000001
0.574570, -2.183367, 9.078209, 21.665649, 31.000001
0.536266, -2.298281, 9.346344, 21.687257, 21.000001
0.536266, -2.374890, 9.346344, 21.687257, 20.000000
0.651180, -2.106757, 9.422951, 21.687257, 32.000000
0.651180, -2.259976, 9.308037, 21.730592, 29.000001
0.536266, -2.259976, 9.499561, 21.795411, 24.000001
0.574570, -2.259976, 9.461258, 21.773803, 23.000000
0.536266, -2.336586, 9.422951, 21.795411, 23.000000
0.497961, -2.183367, 9.308037, 21.817017, 21.000001
0.536266, -2.145062, 9.384647, 21.903565, 23.000000
0.574570, -2.145062, 9.422951, 21.817017, 23.000000
0.536266, -2.221671, 9.269733, 21.795411, 24.000001
0.612875, -2.336586, 9.384647, 21.817017, 24.000001
0.536266, -2.259976, 9.461258, 21.838746, 23.000000
0.689484, -2.221671, 9.384647, 21.925294, 26.000001
0.536266, -2.298281, 9.231426, 21.881959, 24.000001
0.612875, -2.183367, 9.422951, 21.925294, 32.000000
0.536266, -2.183367, 9.384647, 21.946900, 31.000001
0.612875, -2.259976, 9.422951, 21.946900, 31.000001
0.612875, -2.259976, 9.231426, 22.011840, 31.000001
0.689484, -2.183367, 9.346344, 21.968629, 34.000001
0.574570, -2.183367, 9.308037, 22.011840, 34.000001
0.421352, -2.259976, 9.231426, 22.011840, 33.000000
0.574570, -2.183367, 9.231426, 22.011840, 33.000000
0.574570, -2.183367, 9.384647, 22.076905, 33.000000
0.383047, -2.221671, 9.308037, 22.076905, 34.000001
0.574570, -2.145062, 9.308037, 22.033570, 32.000000
0.574570, -2.183367, 9.384647, 22.076905, 32.000000
0.574570, -2.298281, 9.384647, 22.120118, 31.000001
0.536266, -2.106757, 9.422951, 22.120118, 30.000000
0.574570, -2.221671, 9.384647, 22.141845, 34.000001
0.574570, -2.221671, 9.384647, 22.163575, 34.000001
0.536266, -2.259976, 9.384647, 22.206910, 35.000000
0.574570, -2.145062, 9.231426, 22.185180, 22.000000
-7.929070, 1.340664, 6.205359, 22.228515, 19.000000
-1.532187, -1.838625, -0.919312, 22.250245, 16.000000
-0.306437, 9.269733, 10.916836, 22.271974, 42.000003
-2.221671, 1.876929, 11.184968, 22.336915, 40.000000
-4.979609, 0.038305, 7.316195, 22.467163, 23.000000
-1.685406, -7.852461, 2.949461, 22.619019, 18.000001
-2.528109, -5.209436, 9.346344, 22.619019, 14.000000
-3.370812, -8.465336, 0.842703, 22.705810, 27.000000
-2.796242, -7.737547, 3.102679, 22.705810, 35.000000
2.489804, -5.937225, 7.239586, 22.749269, 42.000003
-0.919312, -5.745703, 6.971453, 22.749269, 40.999999
-4.596561, -6.933147, -1.685406, 22.792847, 18.000001
-4.251820, -7.048061, 2.528109, 22.879639, 3.000000
2.451500, -9.422951, 2.489804, 22.879639, 3.000000
-2.221671, -10.801922, 0.000000, 22.923219, 4.000000
-4.941303, -7.852461, -1.762015, 23.227785, 3.000000
0.995922, -9.499561, 3.983687, 23.206055, 32.000000
3.562336, -8.886684, 3.868773, 23.293092, 13.000001
1.455578, -1.838625, 10.303959, 23.293092, 15.000000
1.608797, -3.753859, 6.665014, 23.358521, 14.000000
4.673172, -3.600640, 8.005676, 23.380127, 15.000000
4.749781, -2.528109, 7.890764, 23.423829, 14.000000
5.132828, -4.405039, 6.856539, 23.445680, 10.000000
5.477570, -4.251820, 6.588406, 23.576417, 11.000000
5.554178, -5.132828, 4.213514, 23.554688, 4.000000
5.784006, -10.265656, 1.800320, 23.554688, 4.000000
2.911156, -8.771770, 2.451500, 23.598268, 16.000000
1.647101, -9.193123, 3.983687, 23.685548, 14.000000
3.409117, -8.312115, 3.792164, 23.576417, 7.000000
3.945382, -5.209436, 4.060297, 23.685548, 28.000000
2.872851, -6.435186, 6.243664, 23.685548, 22.000000
2.374890, -5.554178, 6.818233, 23.750978, 25.000000
0.114914, -2.451500, 8.963295, 23.772829, 20.000000
1.187445, -3.715554, 7.775850, 23.925781, 24.000001
0.957617, -2.949461, 9.346344, 24.231935, 16.000000
1.685406, -3.830468, 8.810078, 24.538696, 9.000000
1.723711, -3.524031, 8.771770, 24.736207, 11.000000
1.723711, -3.638945, 8.656857, 24.978027, 11.000000
1.608797, -3.677250, 8.810078, 25.109985, 11.000000
1.685406, -3.638945, 8.695164, 25.220215, 11.000000
1.685406, -3.638945, 8.656857, 25.396485, 11.000000
1.608797, -3.715554, 8.733467, 25.551026, 11.000000
1.608797, -3.677250, 8.695164, 25.506837, 11.000000
1.493883, -3.753859, 8.541943, 25.551026, 10.000000
1.378969, -3.638945, 8.733467, 25.705688, 10.000000
1.685406, -3.715554, 8.733467, 25.727785, 9.000000
1.532187, -3.715554, 8.733467, 25.794189, 12.000000
1.570492, -3.715554, 8.695164, 25.816286, 10.000000
1.570492, -3.638945, 8.848381, 25.882690, 10.000000
1.417273, -3.715554, 8.771770, 25.949097, 10.000000
1.455578, -3.562336, 8.427029, 26.037719, 9.000000
1.493883, -3.715554, 8.771770, 25.971191, 10.000000
1.417273, -3.677250, 8.733467, 26.104248, 10.000000
1.455578, -3.677250, 8.733467, 26.126344, 10.000000
1.264054, -3.753859, 8.503639, 26.126344, 10.000000
1.417273, -3.600640, 8.541943, 26.170776, 12.000000
1.417273, -3.677250, 8.695164, 26.237428, 10.000000
1.417273, -3.753859, 8.580250, 26.192994, 10.000000
1.302359, -3.638945, 8.733467, 26.303957, 10.000000
1.264054, -3.600640, 8.618553, 26.326172, 10.000000
1.340664, -3.638945, 8.580250, 26.303957, 12.000000
1.417273, -3.600640, 8.810078, 26.415040, 8.000000
-0.153219, -2.106757, 9.384647, 26.415040, 8.000000
1.953539, -3.485726, 8.886684, 26.415040, 11.000000
1.570492, -3.370812, 8.541943, 26.459472, 11.000000
1.685406, -3.370812, 8.695164, 26.415040, 11.000000
1.953539, -3.102679, 9.001598, 26.415040, 10.000000
2.221671, -2.987765, 8.963295, 26.459472, 11.000000
2.106757, -2.796242, 8.848381, 26.548462, 9.000000
2.298281, -2.528109, 9.001598, 26.637573, 10.000000
2.336586, -2.489804, 9.039906, 26.905029, 10.000000
2.336586, -2.528109, 8.886684, 27.218018, 9.000000
2.298281, -2.566414, 9.001598, 27.666504, 10.000000
2.374890, -2.489804, 8.771770, 28.139405, 10.000000
2.451500, -2.604718, 9.039906, 28.682618, 10.000000
2.451500, -2.528109, 8.924992, 29.228762, 10.000000
2.221671, -2.566414, 8.963295, 29.663332, 9.000000
2.336586, -2.604718, 8.848381, 30.123169, 9.000000
2.298281, -2.489804, 8.733467, 30.608521, 9.000000
2.259976, -2.528109, 9.039906, 31.213257, 10.000000
2.259976, -2.528109, 9.001598, 31.634643, 10.000000
2.413195, -2.681328, 8.963295, 32.081788, 10.000000
2.298281, -2.566414, 8.771770, 32.531617, 9.000000
2.298281, -2.528109, 9.001598, 32.912476, 10.000000
2.259976, -2.604718, 8.810078, 33.319459, 10.000000
2.145062, -2.604718, 8.848381, 33.680420, 10.000000
2.183367, -2.489804, 8.810078, 34.067628, 10.000000
2.183367, -2.681328, 9.001598, 34.359376, 9.000000
2.221671, -2.643023, 8.886684, 34.774780, 10.000000
1.991844, -3.753859, 9.039906, 35.143678, 8.000000
1.302359, -4.021992, 8.656857, 35.987427, 7.000000
0.919312, -4.519953, 8.235508, 37.556520, 7.000000
0.383047, -3.792164, 8.733467, 39.116333, 6.000000
1.953539, -3.945382, 8.541943, 40.261722, 8.000000
0.536266, -3.064375, 9.269733, 41.295166, 9.000000
1.570492, -2.413195, 8.503639, 42.098022, 11.000000
0.306437, -4.481647, 9.461258, 43.398805, 6.000000
0.574570, -3.753859, 8.656857, 44.295654, 7.000000
1.493883, -2.528109, 9.039906, 45.090823, 8.000000
0.727789, -4.366734, 8.350422, 45.718994, 7.000000
1.953539, -3.753859, 8.541943, 46.325440, 8.000000
2.030149, -3.715554, 8.695164, 46.724000, 8.000000
2.030149, -3.677250, 8.465336, 47.095218, 8.000000
-0.229828, -4.098600, 8.580250, 47.375612, 7.000000
0.536266, -4.175211, 8.618553, 47.657962, 6.000000
1.187445, -4.060297, 8.886684, 47.815552, 7.000000
1.264054, -4.021992, 8.618553, 48.037109, 7.000000
1.302359, -4.136906, 8.695164, 48.196044, 7.000000
1.378969, -3.983687, 8.503639, 48.387694, 7.000000
1.417273, -3.983687, 8.541943, 48.387694, 7.000000
1.532187, -4.021992, 8.618553, 48.515868, 7.000000
1.532187, -4.136906, 8.503639, 48.708863, 7.000000
1.493883, -4.098600, 8.656857, 48.708863, 8.000000
1.417273, -4.136906, 8.541943, 48.773437, 7.000000
0.612875, -3.983687, 8.733467, 48.773437, 7.000000
-1.264054, -5.286047, 7.699242, 48.870363, 6.000000
-0.574570, -4.673172, 8.312115, 48.902831, 6.000000
0.000000, -3.447421, 8.924992, 48.935180, 6.000000
-1.378969, -1.493883, 9.422951, 48.870363, 6.000000
-4.979609, -6.550100, 5.171131, 48.838015, 8.000000
-7.086367, -6.358578, 2.796242, 48.805785, 6.000000
-2.451500, -6.741625, 7.009756, 48.708863, 9.000000
-3.485726, -6.205359, 7.316195, 48.515868, 10.000000
-5.324350, -6.511797, 3.677250, 48.005371, 5.000000
-5.171131, -6.511797, 6.856539, 46.940188, 7.000000
-5.477570, -6.167053, 5.898922, 46.021242, 11.000000
-4.328428, -5.898922, 6.090445, 45.658813, 6.000000
-0.995922, -2.681328, 9.231426, 45.960574, 6.000000
-0.038305, -1.953539, 9.231426, 46.325440, 6.000000
-4.175211, -3.524031, 9.039906, 46.724000, 6.000000
-0.881008, -1.378969, 9.422951, 47.033205, 6.000000
-1.302359, -1.187445, 9.346344, 47.281985, 5.000000
-0.804398, -1.800320, 9.269733, 47.469482, 7.000000
-0.229828, -1.800320, 9.193123, 47.532229, 7.000000
-0.114914, -2.413195, 9.116512, 47.563601, 9.000000
0.000000, -1.915234, 9.116512, 47.689452, 7.000000
-0.804398, -1.608797, 9.767693, 47.689452, 6.000000
-0.804398, -2.298281, 9.039906, 47.657962, 7.000000
0.651180, -1.608797, 9.652779, 47.752442, 6.000000
-1.378969, -3.026070, 9.116512, 47.815552, 6.000000
-0.383047, -1.608797, 9.537865, 47.815552, 7.000000
-0.076609, -1.685406, 9.461258, 47.783937, 7.000000
-0.038305, -0.766094, 9.576172, 47.878661, 7.000000
-0.306437, -1.608797, 9.461258, 47.752442, 7.000000
-0.689484, -1.570492, 9.499561, 47.752442, 8.000000
-0.191523, -1.340664, 9.576172, 47.657962, 9.000000
-0.421352, -0.957617, 9.384647, 47.657962, 14.000000
-1.225750, -3.715554, 8.618553, 47.594972, 6.000000
-1.991844, -2.911156, 8.848381, 47.689452, 8.000000
-1.991844, -2.796242, 9.193123, 47.657962, 14.000000
-2.145062, -3.026070, 8.733467, 47.657962, 11.000000
-1.800320, -2.872851, 9.001598, 47.594972, 14.000000
-2.643023, -3.638945, 8.465336, 47.250857, 10.000000
-2.643023, -3.524031, 8.082287, 46.940188, 11.000000
-2.336586, -2.834546, 8.580250, 46.724000, 12.000000
-2.643023, -3.179289, 8.541943, 46.021242, 8.000000
-1.685406, -2.911156, 8.924992, 45.329103, 10.000000
-1.762015, -2.872851, 8.886684, 44.972167, 10.000000
-1.608797, -2.796242, 8.886684, 44.853759, 10.000000
-1.723711, -2.719632, 9.001598, 44.617920, 10.000000
-1.532187, -2.796242, 9.078209, 44.471068, 10.000000
-1.532187, -2.604718, 9.001598, 44.237304, 10.000000
-1.493883, -2.757937, 8.924992, 43.975463, 11.000000
-1.417273, -2.719632, 9.001598, 43.801637, 11.000000
-1.570492, -2.681328, 9.001598, 43.743896, 11.000000
-1.378969, -2.604718, 9.078209, 43.657351, 10.000000
-1.417273, -2.681328, 9.193123, 43.513551, 10.000000
-1.647101, -2.834546, 9.116512, 43.398805, 10.000000
-1.532187, -2.566414, 9.078209, 43.198609, 10.000000
-1.532187, -2.604718, 9.078209, 43.170047, 11.000000
-1.455578, -2.757937, 9.001598, 43.170047, 10.000000
-1.493883, -2.643023, 9.116512, 43.113036, 11.000000
-1.532187, -2.719632, 9.078209, 42.999268, 13.000001
-1.493883, -3.983687, 8.273811, 42.885742, 6.000000
-1.417273, -3.485726, 8.771770, 42.715821, 9.000000
-1.187445, -3.485726, 8.771770, 42.659302, 12.000000
-1.264054, -3.447421, 8.771770, 42.631106, 13.000001
-1.225750, -2.183367, 8.771770, 42.546511, 13.000001
1.187445, -0.689484, 8.924992, 42.377930, 19.000000
-1.953539, -1.647101, 9.614475, 42.265749, 5.000000
-1.953539, -1.991844, 8.541943, 42.237792, 4.000000
-4.290125, -4.558256, 6.396881, 42.098022, 3.000000
-3.332507, -6.665014, 6.205359, 42.042236, 3.000000
-4.290125, -1.493883, 6.933147, 42.014403, 5.000000
-9.346344, -3.294203, 5.784006, 41.930909, 4.000000
-8.503639, 2.413195, 3.792164, 41.708865, 4.000000
-8.810078, 0.076609, 4.213514, 41.653442, 23.000000
-8.312115, -1.953539, 7.162975, 41.405153, 7.000000
-8.886684, -2.757937, 6.052139, 41.267700, 4.000000
-5.247742, -2.336586, 6.205359, 41.103272, 4.000000
-9.422951, -1.800320, 3.217593, 40.775881, 10.000000
-6.550100, -0.766094, 5.132828, 40.477538, 19.000000
4.634867, 12.563934, -1.800320, 40.342650, 18.000001
-1.072531, -1.110836, 10.648701, 40.181031, 47.000003
2.298281, -4.519953, 6.358578, 39.859376, 44.000001
0.153219, -5.132828, 4.213514, 39.301147, 30.000000
0.038305, -0.881008, 9.461258, 39.168947, 19.000000
0.038305, -0.919312, 9.461258, 39.037232, 18.000001
0.076609, -0.804398, 9.806000, 38.827026, 18.000001
0.114914, -0.651180, 9.537865, 38.617676, 23.000000
0.038305, -0.766094, 9.422951, 38.435059, 25.000000
0.000000, -0.842703, 9.729389, 38.149414, 27.000000
0.153219, -0.842703, 9.537865, 37.994142, 19.000000
0.114914, -0.766094, 9.499561, 37.736328, 27.000000
0.076609, -0.804398, 9.461258, 37.633545, 30.000000
0.000000, -0.804398, 9.691086, 37.377319, 33.000000
0.153219, -0.766094, 9.691086, 37.224121, 34.000001
0.229828, -0.727789, 9.614475, 37.045898, 32.000000
0.306437, -0.842703, 9.652779, 36.817505, 33.000000
0.344742, -0.766094, 9.461258, 36.716309, 37.000000
0.344742, -0.881008, 9.308037, 36.489136, 36.000001
0.344742, -0.804398, 9.537865, 36.363282, 36.000001
0.383047, -0.804398, 9.614475, 36.212769, 35.000000
0.229828, -0.842703, 9.614475, 36.137452, 34.000001
0.229828, -0.689484, 9.576172, 35.987427, 35.000000
0.306437, -0.766094, 9.422951, 35.762939, 35.000000
0.268133, -0.689484, 9.652779, 35.588989, 31.000001
0.344742, -0.842703, 9.576172, 35.539308, 35.000000
0.114914, -0.804398, 9.691086, 35.365846, 25.000000
0.306437, -0.804398, 9.614475, 35.242310, 32.000000
0.344742, -0.651180, 9.499561, 35.094361, 35.000000
0.306437, -0.842703, 9.499561, 34.921997, 34.000001
0.229828, -0.727789, 9.652779, 34.897461, 17.000000
0.344742, -0.766094, 9.269733, 34.701295, 15.000000
0.268133, -0.804398, 9.461258, 34.530151, 23.000000
0.229828, -0.842703, 9.422951, 34.481201, 27.000000
0.229828, -0.727789, 9.499561, 34.310548, 28.000000
0.268133, -0.766094, 9.652779, 34.286256, 21.000001
0.306437, -0.727789, 9.499561, 34.140382, 32.000000
0.153219, -0.766094, 9.614475, 33.994751, 33.000000
-2.183367, 2.719632, 7.622631, 33.873658, 27.000000
4.749781, 3.026070, 7.354500, 33.463624, 21.000001
3.868773, 3.179289, 6.320272, 33.439577, 8.000000
1.110836, 4.251820, 9.384647, 33.367431, 10.000000
1.340664, 4.903000, 7.622631, 33.247437, 11.000000
0.306437, -0.727789, 10.342263, 33.127687, 14.000000
4.405039, -6.090445, 7.316195, 33.151612, 7.000000
5.784006, 4.405039, 6.052139, 33.008058, 52.000003
3.179289, 4.366734, 7.201281, 32.960327, 45.999999
1.838625, 7.852461, -5.094522, 32.817140, 5.000000
-1.455578, -1.072531, -9.997520, 32.840943, 6.000000
0.957617, -4.979609, 7.660936, 32.745728, 13.000001
5.822311, -6.090445, 4.634867, 32.626710, 10.000000
-4.673172, 0.689484, 9.039906, 32.579224, 4.000000
-5.784006, -5.822311, -3.409117, 32.602906, 4.000000
-5.860617, 6.281967, -7.162975, 32.507935, 4.000000
1.493883, -7.431108, 4.098600, 32.436769, 15.000000
-2.872851, -1.876929, -9.920914, 32.341919, 5.000000
-2.413195, -2.221671, -9.614475, 32.270875, 5.000000
-4.673172, -6.894842, -3.753859, 32.270875, 9.000000
-2.949461, -0.421352, 8.695164, 32.176270, 19.000000
-6.167053, -4.788086, -6.052139, 32.129152, 7.000000
6.358578, 3.562336, 6.933147, 32.058351, 37.000000
-2.068453, 1.340664, 8.695164, 32.010987, 9.000000
-3.907078, 4.749781, -6.396881, 31.963990, 12.000000
3.562336, -0.689484, 9.154819, 31.893189, 48.000002
5.247742, 1.685406, 7.699242, 31.846192, 12.000000
-3.102679, 6.052139, 6.473492, 31.775513, 16.000000
0.000000, 0.536266, -9.691086, 31.822631, 13.000001
-7.546022, 6.281967, -4.749781, 31.775513, 16.000000
1.264054, 1.800320, 8.924992, 31.775513, 15.000000
3.064375, 0.383047, 8.350422, 31.705079, 5.000000
1.838625, 4.826389, -7.392803, 31.634643, 10.000000
3.179289, 4.405039, -6.013836, 31.658082, 9.000000
-1.264054, -0.842703, -10.342263, 31.681640, 6.000000
-7.929070, 3.026070, 4.673172, 31.611207, 23.000000
2.796242, -2.681328, 8.580250, 31.634643, 50.999999
-1.417273, -9.882607, 3.294203, 31.564209, 58.000002
-7.124672, -5.784006, -2.145062, 31.517334, 32.000000
-6.779928, -6.933147, -0.038305, 31.587646, 45.000000
2.757937, -2.451500, 8.848381, 31.564209, 29.000001
2.374890, -5.094522, 7.277889, 31.634643, 43.000002
